AddStaticVehicle(402,-2507.2949,-2661.3745,41.6141,47.4363,110,110 );
AddStaticVehicle(489,-2226.7434,-2328.2502,30.7267,320.7235,112,120 );
AddStaticVehicle(489,-2222.2510,-2313.6255,30.7043,139.2188,84,110 );
AddStaticVehicle(492,-2237.1716,-2319.5217,30.1612,320.8835,81,27 );
AddStaticVehicle(416,-2202.5034,-2315.8738,30.7133,319.2146,1,3 );
AddStaticVehicle(437,-2183.7781,-2251.1504,30.7739,50.7582,47,74 );
AddStaticVehicle(439,-2195.2422,-2265.3093,30.5210,141.9245,67,8 );
AddStaticVehicle(468,-2119.6216,-2309.6587,30.2906,236.4014,46,46 );
AddStaticVehicle(468,-2090.2646,-2343.2664,30.2931,133.5882,46,46 );
AddStaticVehicle(478,-2139.3381,-2394.7605,30.5346,321.4478,39,1 );
AddStaticVehicle(403,-2000.1112,-2415.5122,31.5910,229.2187,42,76 );
AddStaticVehicle(578,-1969.7488,-2437.8750,31.2884,278.4375,1,1 );
AddStaticVehicle(483,-2047.1421,-2548.5454,30.6175,143.9577,1,5 );
AddStaticVehicle(496,-2090.5361,-2547.2097,30.3414,319.1863,22,22 );
AddStaticVehicle(499,-2147.2827,-2540.9390,30.6123,321.3171,30,44 );
AddStaticVehicle(507,-2198.5273,-2501.1497,30.4429,142.3857,42,42 );
AddStaticVehicle(508,-2238.4976,-2476.8638,31.5504,135.3413,1,1 );
AddStaticVehicle(525,-2201.8979,-2431.7083,30.5065,143.2419,18,20 );
AddStaticVehicle(542,-2208.8726,-2301.8511,30.3685,141.4184,24,118 );
AddStaticVehicle(468,-2408.1938,-2180.6550,32.9574,359.2591,46,46 );
AddStaticVehicle(468,-2408.5000,-2185.9998,32.9470,320.6251,46,46 );
AddStaticVehicle(468,-2404.6194,-2184.0007,32.9580,180.5767,46,46 );
AddStaticVehicle(468,-2410.8003,-2193.1538,32.9575,98.7390,46,46 );
AddStaticVehicle(468,-2383.4412,-2195.6008,32.9551,269.5914,46,46 );
AddStaticVehicle(421,-2232.4705,-2168.4863,40.0861,269.7545,60,72 );
AddStaticVehicle(586,-2211.9084,-2152.1482,44.5665,39.1714,32,1 );
AddStaticVehicle(586,-2341.5479,-1617.2042,483.2097,282.5971,32,1 );
AddStaticVehicle(483,-2343.2617,-1613.8766,483.6216,105.4733,17,0 );
AddStaticVehicle(508,-2338.5103,-1593.7384,483.9936,19.6733,1,1 );
AddStaticVehicle(542,-1903.3435,-1648.1373,21.4948,0.2053,119,113 );
AddStaticVehicle(543,-1884.3240,-1746.2726,21.5641,116.1925,11,11 );
AddStaticVehicle(568,-1425.6388,-1964.6725,16.7105,350.8758,21,1 );
AddStaticVehicle(568,-1422.0557,-1774.0085,46.2861,324.6743,21,1 );
AddStaticVehicle(424,-1642.4336,-2250.6626,31.2032,90.7391,3,2 );
AddStaticVehicle(471,-1623.8788,-1935.3231,98.1842,9.9608,120,113 );
AddStaticVehicle(471,-1423.5978,-1480.9163,101.1533,181.2331,120,113 );
AddStaticVehicle(478,-1446.1260,-1494.6138,101.7287,5.6246,20,1 );
AddStaticVehicle(468,-1460.7500,-1566.6244,101.4172,1.4063,3,3 );
AddStaticVehicle(455,-1921.1332,-1376.5702,40.8204,60.9558,43,31 );
AddStaticVehicle(568,-2675.9160,-2647.4185,8.6870,28.6794,21,1 );
AddStaticVehicle(527,-2504.5608,-2310.4421,14.8242,97.2619,81,1 );
AddStaticVehicle(543,-2522.9070,-2151.9607,30.3162,29.5732,67,8 );
AddStaticVehicle(568,-2675.9160,-2647.4185,8.6870,28.6794,21,1 );
AddStaticVehicle(487,-2249.4399,-1714.5770,480.3400,224.1963,26,3 );
AddStaticVehicle(500,-2390.3206,-1866.1573,405.1097,113.9224,25,119 );
AddStaticVehicle(533,-2096.2732,-1879.9227,110.1080,326.6144,79,1 );
AddStaticVehicle(540,-2515.5264,-1995.7284,166.3035,28.0149,7,7 );
AddStaticVehicle(554,-2669.3086,-1735.2327,252.3595,12.2743,53,32 );
AddStaticVehicle(559,-2590.5930,-1618.1426,343.4677,186.3544,2,1 );
AddStaticVehicle(579,-2106.7739,-1752.2147,195.3652,327.5763,53,53 );
AddStaticVehicle(595,-2819.6802,-2525.9888,0.4586,189.6302,112,20 );
AddStaticVehicle(453,-2741.3564,-2707.7283,0.1389,208.1954,56,56 );
AddStaticVehicle(484,-2548.1646,-2873.2219,0.3669,268.3289,40,26 );
AddStaticVehicle(484,-2476.8723,-2872.8672,0.4027,271.5837,40,26 );
AddStaticVehicle(473,-2251.1206,-2847.8003,-0.3512,165.8474,56,53 );
AddStaticVehicle(424,-2242.9829,-2821.8870,2.7472,94.0740,15,30 );
AddStaticVehicle(506,-1604.3470,-2709.3530,48.2387,54.1573,3,3 );
AddStaticVehicle(536,-1561.9785,-2720.5659,48.2750,234.6728,37,1 );
AddStaticVehicle(545,-1569.3097,-2733.4148,48.3547,326.8112,28,96 );
AddStaticVehicle(582,-1557.6207,-2741.3735,48.5990,146.9182,41,20 );
AddStaticVehicle(430,-1190.5161,-2686.8108,-0.2699,13.1617,46,26 );
AddStaticVehicle(478,-1220.1482,-2632.0308,9.9623,84.2916,59,1 );
AddStaticVehicle(473,-1249.5088,-2431.4194,-0.1994,349.6535,56,15 );
AddStaticVehicle(473,-1183.5031,-2138.8706,-0.2420,8.5587,56,15 );
AddStaticVehicle(446,-1429.5232,-2080.6206,-0.3127,148.7616,1,35 );
AddStaticVehicle(446,-1544.0499,-2232.3506,-0.5151,167.9522,1,35 );
AddStaticVehicle(453,-1639.3208,-1706.3165,-0.3042,73.0880,56,56 );
AddStaticVehicle(460,-2038.7720,-1314.9452,1.7166,80.6954,17,23 );
AddStaticVehicle(493,-2417.8992,-944.8141,-0.1597,61.3139,36,13 );
AddStaticVehicle(542,-2217.0332,-2407.2427,30.8341,232.1176,24,118 );
AddStaticVehicle(468,-2508.1077,-1892.6254,297.1185,25.0147,46,46 );
AddStaticVehicle(466,287.4403,-53.5151,1.3217,180.3743,62,34 );
AddStaticVehicle(422,109.2890,-150.6062,1.7835,182.5754,89,108 );
AddStaticVehicle(498,-196.8096,-232.7299,1.4901,90.5921,133,57 );
AddStaticVehicle(403,-199.9957,-285.4144,2.0351,90.5924,133,57 );
AddStaticVehicle(403,-200.2189,-275.2891,2.0383,91.6567,133,57 );
AddStaticVehicle(578,-194.7877,-196.3295,2.0529,257.8566,133,57 );
AddStaticVehicle(422,-169.0730,-202.1836,1.4064,257.8462,133,57 );
AddStaticVehicle(402,-39.7196,-377.4630,5.2613,180.2380,29,36 );
AddStaticVehicle(566,-9.5253,-377.6481,5.2111,178.0852,30,8 );
AddStaticVehicle(529,-0.4525,-353.8910,5.0621,269.4471,42,42 );
AddStaticVehicle(603,-62.5941,-324.9349,5.2677,90.3766,70,67 );
AddStaticVehicle(401,179.2976,-310.8240,1.3519,207.7475,47,47 );
AddStaticVehicle(445,319.0325,-126.0534,2.0656,90.7404,120,119 );
AddStaticVehicle(440,329.5297,-52.3254,1.6189,177.8881,32,32 );
AddStaticVehicle(458,319.1395,-84.5798,2.0518,91.7452,101,1 );
AddStaticVehicle(467,218.0327,-178.1497,1.3182,270.4043,58,8 );
AddStaticVehicle(475,218.7911,-173.3128,1.3817,270.2328,123,65 );
AddStaticVehicle(489,244.8729,-148.5339,1.7217,88.8350,14,123 );
AddStaticVehicle(492,247.1553,-129.2907,2.0627,90.8534,77,26 );
AddStaticVehicle(498,176.3295,-7.4976,1.6480,180.2088,105,113 );
AddStaticVehicle(439,278.4608,-54.8498,1.4740,359.8853,8,17 );
AddStaticVehicle(475,320.5600,-253.1715,1.3886,176.4384,17,1 );
AddStaticVehicle(524,312.2956,-251.1326,2.5129,175.4649,61,27 );
AddStaticVehicle(527,235.0123,-300.2693,1.2937,2.3086,53,1 );
AddStaticVehicle(536,213.0004,-244.5481,1.3203,272.8867,38,103 );
AddStaticVehicle(531,1077.2228,-288.7220,73.9531,358.7784,36,2 );
AddStaticVehicle(422,1112.7650,-306.5776,73.9655,267.5965,101,25 );
AddStaticVehicle(531,1067.0962,-288.6843,73.9569,2.3921,51,53 );
AddStaticVehicle(599,622.2627,-610.1340,17.3154,270.2242,0,1 );
AddStaticVehicle(599,622.2755,-606.0399,17.3060,269.8338,0,1);
AddStaticVehicle(585,707.2459,-461.4757,15.9223,269.7682,91,35 );
AddStaticVehicle(500,667.6416,-461.4851,16.4435,268.6327,40,84 );
AddStaticVehicle(461,669.1239,-471.0320,15.9138,270.8030,37,1 );
AddStaticVehicle(542,668.1328,-546.3011,16.0794,269.8267,90,90 );
AddStaticVehicle(522,753.7540,-586.7284,16.9004,181.3295,36,105 );
AddStaticVehicle(549,748.6429,-581.7985,16.9131,269.3827,94,94 );
AddStaticVehicle(429,763.1589,-509.2891,16.8662,180.4318,127,44 );
AddStaticVehicle(547,786.0645,-498.4352,17.0708,3.0965,123,1 );
AddStaticVehicle(456,797.4796,-607.9578,16.5112,0.4182,84,63 );
AddStaticVehicle(554,751.6056,-553.2162,17.3698,180.8741,15,32 );
AddStaticVehicle(445,1396.5654,395.3847,19.6327,66.5844,47,47 );
AddStaticVehicle(559,1404.2180,411.9715,19.4141,67.1748,58,8 );
AddStaticVehicle(580,768.8481,348.3186,19.7428,190.0995,81,81 );
AddStaticVehicle(473,2103.2500,-98.4897,-0.2214,122.9253,56,53 ); 
AddStaticVehicle(473,2108.5276,-106.2102,-0.2394,122.9441,56,15 ); 
AddStaticVehicle(448,2323.3232,63.0302,26.0883,265.2746,3,6 ); 
AddStaticVehicle(439,2358.1836,-62.4556,27.3646,179.8344,37,78 ); 
AddStaticVehicle(436,2443.9980,-47.9166,26.9963,179.6730,87,1 ); 
AddStaticVehicle(436,2503.7507,125.9338,26.2435,1.0102,92,1 ); 
AddStaticVehicle(419,2493.9170,95.9780,26.2806,179.8299,47,76 ); 
AddStaticVehicle(412,2549.9116,81.1802,26.3143,270.4565,10,8 ); 
AddStaticVehicle(410,2551.1191,9.4253,26.6691,270.6199,9,1 ); 
AddStaticVehicle(508,2502.7742,6.0906,27.5812,2.9588,1,1 ); 
AddStaticVehicle(505,2380.9570,37.7925,27.1163,89.9017,120,123 ); 
AddStaticVehicle(500,2211.6929,-88.3423,26.9028,88.7287,13,119 ); 
AddStaticVehicle(496,2263.8970,-82.7569,26.2452,1.1014,66,72 ); 
AddStaticVehicle(492,2257.5105,-83.1763,26.3074,359.2125,30,26 ); 
AddStaticVehicle(405,2290.2622,155.5207,26.9788,0.1090,24,1 ); 
AddStaticVehicle(532,1996.7520,175.8992,31.3614,79.7076,0,0 ); 
AddStaticVehicle(532,1914.0114,192.1063,36.0155,358.2132,0,0 ); 
AddStaticVehicle(478,1905.3486,174.1229,37.1748,341.5607,66,1 ); 
AddStaticVehicle(549,1240.2759,214.9924,19.2519,243.7370,79,39 );
AddStaticVehicle(550,1367.7468,365.9338,20.3661,246.2637,15,15 ); 
AddStaticVehicle(547,1289.3826,339.9178,19.2903,247.1900,123,1 ); 
AddStaticVehicle(536,1231.7341,295.6075,19.2922,336.8393,57,96 ); 
AddStaticVehicle(455,-580.8631,-64.8466,65.3632,3.7867,84,31 ); 
AddStaticVehicle(468,-543.4543,-180.5744,78.0750,4.1580,53,53 ); 
AddStaticVehicle(468,-541.5284,-180.6667,78.0747,0.2240,53,53 ); 
AddStaticVehicle(471,-774.8654,-115.3844,64.6716,24.2185,120,112 ); 
AddStaticVehicle(471,-771.7146,-113.4644,64.8308,26.8406,120,112 ); 
AddStaticVehicle(532,-273.9301,-41.3983,3.4405,339.6638,0,0 ); 
AddStaticVehicle(532,-127.1731,55.7261,4.0943,158.3291,0,0 ); 
AddStaticVehicle(478,-137.3239,-48.9942,3.1078,342.2244,35,1 ); 
AddStaticVehicle(475,1368.2947,476.2750,19.9363,335.9672,37,0 ); 
AddStaticVehicle(475,2331.3064,133.1183,26.7203,270.6836,17,1 ); 
AddStaticVehicle(482,2308.6682,-74.7184,26.5995,89.9092,48,48 ); 
AddStaticVehicle(468,2208.6223,110.5543,27.0101,275.3439,53,53 ); 
AddStaticVehicle(471,1923.8339,147.8248,36.7282,93.4718,103,111 ); 
AddStaticVehicle(415,1586.3274,38.5556,24.6067,272.3959,25,1 ); 
AddStaticVehicle(468,1547.5862,10.6921,23.7739,265.3787,3,3 ); 
AddStaticVehicle(402,889.0992,-21.7845,63.1125,152.4678,13,13 ); 
AddStaticVehicle(403,1207.5240,189.3297,20.9522,334.8106,37,1 ); 
AddStaticVehicle(416,1249.8207,338.2164,19.6291,66.7975,1,3 ); 
AddStaticVehicle(482,1335.0803,284.7404,19.6860,243.0011,52,52 ); 
AddStaticVehicle(468,1414.2616,248.6772,19.2239,65.7798,6,6 ); 
AddStaticVehicle(475,751.2299,277.2577,27.1364,199.6289,56,29 ); 
AddStaticVehicle(468,747.8585,346.7843,20.1559,209.1134,6,6 ); 
AddStaticVehicle(403,221.6420,30.1998,3.1849,186.4463,28,1 ); 
AddStaticVehicle(525,157.2517,-166.2276,1.4527,90.9328,17,20 ); 
AddStaticVehicle(532,20.7659,24.6322,4.0942,340.4432,0,0 ); 
AddStaticVehicle(532,-6.4192,-11.1534,4.0939,163.1182,0,0 ); 
AddStaticVehicle(460,-332.7806,-467.6667,1.6828,228.5235,1,9 ); 
AddStaticVehicle(403,-564.8430,-473.1027,26.1267,178.3205,113,1 ); 
AddStaticVehicle(415,-535.2667,-488.2196,25.2958,358.2053,40,1 ); 
AddStaticVehicle(479,-499.9452,-472.3691,25.3184,178.8490,59,36 ); 
AddStaticVehicle(482,-480.4370,-486.2536,25.6331,177.1059,64,64 );
AddStaticVehicle(596,1554.5928,-1615.0944,13.1075,143.0,0,1 ); 
AddStaticVehicle(596,1560.2781,-1614.7255,13.1065,143.0,0,1 ); 
AddStaticVehicle(596,1565.3577,-1615.1208,13.1006,143.0,0,1 ); 
AddStaticVehicle(596,1570.3990,-1615.1421,13.1035,143.0,0,1 ); 
AddStaticVehicle(596,1575.5455,-1615.0767,13.1051,143.0,0,1 ); 
AddStaticVehicle(427,1600.4679,-1607.5685,13.6005,88.3196,0,1 ); 
AddStaticVehicle(427,1599.9907,-1613.6184,13.5959,89.1377,0,1 ); 
AddStaticVehicle(427,1600.0579,-1619.9817,13.5981,89.7130,0,1 ); 
AddStaticVehicle(427,1599.8956,-1626.2255,13.5964,89.2148,0,1 ); 
AddStaticVehicle(596,1602.4196,-1683.8865,5.6119,269.8652,0,1 ); 
AddStaticVehicle(596,1591.4985,-1711.0421,5.6128,0.0437,0,1 ); 
AddStaticVehicle(596,1602.2015,-1687.9944,5.6107,89.8454,0,1 ); 
AddStaticVehicle(596,1602.0392,-1692.0045,5.6110,89.1947,0,1 ); 
AddStaticVehicle(596,1595.4047,-1711.5936,5.6116,180.3378,0,1 ); 
AddStaticVehicle(523,1582.1798,-1667.0845,5.4650,240.5349,0,0 ); 
AddStaticVehicle(523,1582.3419,-1669.2539,5.4650,239.3729,0,0 ); 
AddStaticVehicle(523,1582.1704,-1671.2072,5.4657,237.9856,0,0 ); 
AddStaticVehicle(523,1582.1514,-1673.4630,5.4652,238.0086,0,0 ); 
AddStaticVehicle(574,1526.7522,-1655.7896,5.6158,270.8942,26,26 ); 
AddStaticVehicle(574,1526.7056,-1652.4664,5.6158,270.6263,26,26 ); 
AddStaticVehicle(574,1526.5553,-1642.8456,5.6158,180.3993,26,26 ); 
AddStaticVehicle(574,1530.7841,-1642.8046,5.6158,179.2186,26,26 ); 
AddStaticVehicle(416,2033.1270,-1432.2743,17.2845,180.0169,1,3 );
AddStaticVehicle(416,2016.3477,-1414.9769,17.1412,86.7151,1,3 );
AddStaticVehicle(413,327.8443,-1809.2729,4.5733,359.3342,91,1 ); 
AddStaticVehicle(439,311.7234,-1809.8577,4.3552,179.9755,54,38 ); 
AddStaticVehicle(496,334.3875,-1788.6018,4.7803,358.1175,41,41 ); 
AddStaticVehicle(414,383.4589,-1740.6958,8.8571,358.6929,28,1 ); 
AddStaticVehicle(467,740.4370,-1793.5476,12.9180,349.2087,58,8 ); 
AddStaticVehicle(473,823.7594,-2066.2686,-0.1017,112.6381,56,53 ); 
AddStaticVehicle(467,892.0507,-1797.3351,13.4070,175.4098,60,1 ); 
AddStaticVehicle(467,944.9136,-1813.5590,13.0146,350.0614,68,8 ); 
AddStaticVehicle(491,1096.8945,-1878.8030,13.3031,178.1535,71,72 ); 
AddStaticVehicle(496,1206.2454,-1879.0792,13.3341,88.5190,77,26 ); 
AddStaticVehicle(541,288.7144,-1158.0404,80.5349,221.9677,0,6 ); 
AddStaticVehicle(589,346.9617,-1197.2283,76.2875,25.8040,70,100 ); 
AddStaticVehicle(411,407.0925,-1151.5203,76.6354,148.1414,130,130 ); 
AddStaticVehicle(562,481.5187,-1089.5427,82.1051,359.1924,0,3 ); 
AddStaticVehicle(426,565.9165,-1067.1946,73.1332,35.3833,42,42 ); 
AddStaticVehicle(451,228.7167,-1398.7766,51.2917,51.4378,131,74 ); 
AddStaticVehicle(429,133.9096,-1492.1663,18.5958,57.1215,119,1 ); 
AddStaticVehicle(562,150.7156,-1473.8826,24.9243,5.9389,111,118 ); 
AddStaticVehicle(411,166.3856,-1340.8578,69.4391,190.4770,128,51 ); 
AddStaticVehicle(603,172.0262,-1341.3418,69.5661,168.2207,44,40 ); 
AddStaticVehicle(429,248.8978,-1355.4116,52.8828,279.1667,53,53 ); 
AddStaticVehicle(451,251.6047,-1359.8792,52.7134,300.5452,17,117 ); 
AddStaticVehicle(562,299.8025,-1331.8171,53.2744,72.7622,44,80 ); 
AddStaticVehicle(405,406.4772,-1264.2565,50.2499,24.0160,24,1 ); 
AddStaticVehicle(535,423.6223,-1266.3209,51.3450,21.9438,54,77 ); 
AddStaticVehicle(477,261.5547,-1220.3823,74.6478,183.4546,99,100 ); 
AddStaticVehicle(535,276.9328,-1267.3054,73.7098,302.5802,6,4 ); 
AddStaticVehicle(496,280.3806,-1255.7952,73.6166,281.7693,46,66 ); 
AddStaticVehicle(411,282.9343,-1160.4200,80.6401,223.5830,42,42 ); 
AddStaticVehicle(589,569.3154,-1131.7330,50.2950,243.4572,42,39 ); 
AddStaticVehicle(411,617.2254,-1102.6525,46.5131,126.8061,64,1 ); 
AddStaticVehicle(562,687.5812,-1072.8162,49.1274,62.7814,76,45 ); 
AddStaticVehicle(496,724.4913,-995.4954,52.3857,89.4483,79,110 ); 
AddStaticVehicle(545,795.9840,-840.3973,60.4526,174.5740,31,96 ); 
AddStaticVehicle(522,846.9828,-905.6497,68.3458,342.5805,138,94 ); 
AddStaticVehicle(534,831.9914,-858.8560,69.6527,199.3811,65,44 ); 
AddStaticVehicle(535,839.4457,-893.5928,68.5340,21.2260,3,1 ); 
AddStaticVehicle(477,912.5916,-832.0980,92.1407,218.1897,108,127 ); 
AddStaticVehicle(429,942.3409,-842.2905,93.9553,49.3921,107,69 ); 
AddStaticVehicle(429,934.4840,-856.8366,93.1734,204.4157,135,30 ); 
AddStaticVehicle(562,966.6584,-842.2115,95.4213,208.6852,103,88 ); 
AddStaticVehicle(451,979.1476,-831.5278,95.3282,27.7639,22,108 ); 
AddStaticVehicle(589,1024.2820,-777.6995,102.7277,142.3072,128,91 ); 
AddStaticVehicle(429,1028.9191,-810.0178,101.6239,200.6103,20,71 ); 
AddStaticVehicle(522,1099.2415,-818.4706,86.5177,153.5570,135,31 ); 
AddStaticVehicle(522,1256.5295,-804.6979,83.7138,117.1748,116,130 ); 
AddStaticVehicle(541,1248.1569,-804.1443,83.7656,167.9414,24,3 ); 
AddStaticVehicle(487,1291.7155,-786.8652,96.6376,1.5839,29,42 ); 
AddStaticVehicle(589,1352.0870,-622.1930,108.8587,24.2312,125,64 ); 
AddStaticVehicle(477,1460.3851,-633.6793,95.5530,179.4419,0,1 ); 
AddStaticVehicle(411,1108.8185,-732.7200,100.2283,87.5487,116,1 ); 
AddStaticVehicle(429,1515.2770,-695.3987,94.4297,99.0699,3,1 ); 
AddStaticVehicle(522,1518.6567,-688.1443,94.3202,127.6349,134,60 ); 
AddStaticVehicle(535,1516.9452,-765.4361,79.7405,142.5422,66,1 ); 
AddStaticVehicle(458,1530.6602,-814.2603,71.8145,269.5966,125,32 ); 
AddStaticVehicle(560,1536.7003,-841.9440,64.3992,91.2450,101,95 ); 
AddStaticVehicle(506,1515.6777,-879.8586,61.2318,73.2864,106,83 ); 
AddStaticVehicle(451,1464.4681,-902.8252,54.5429,174.4412,27,31 ); 
AddStaticVehicle(429,1429.4169,-883.6697,50.4307,45.8139,103,37 ); 
AddStaticVehicle(589,1088.9662,-644.2655,113.1492,338.4004,20,50 ); 
AddStaticVehicle(424,1113.3992,-657.0714,113.2539,1.8936,24,53 ); 
AddStaticVehicle(411,1048.4277,-639.6287,119.8443,62.9709,81,124 ); 
AddStaticVehicle(550,1038.2852,-640.5812,119.9407,3.9959,18,96 ); 
AddStaticVehicle(558,1011.0540,-659.9860,120.7726,34.0075,131,53 ); 
AddStaticVehicle(562,1006.7906,-663.9238,120.8018,212.6702,68,8 ); 
AddStaticVehicle(560,946.7752,-705.8109,121.9154,208.3881,17,1 ); 
AddStaticVehicle(535,912.4982,-665.0076,116.7563,234.0564,136,91 ); 
AddStaticVehicle(477,866.9702,-712.0836,105.4297,301.5712,75,1 ); 
AddStaticVehicle(518,851.5046,-741.6164,94.8512,223.7018,13,1 ); 
AddStaticVehicle(603,887.4414,-782.3810,101.1163,325.3539,58,1 ); 
AddStaticVehicle(534,834.7188,-754.2109,85.0352,221.3681,120,0 ); 
AddStaticVehicle(545,856.4266,-825.8338,89.3121,35.0684,23,94 ); 
AddStaticVehicle(545,812.7324,-768.6061,76.6226,240.9842,12,12 ); 
AddStaticVehicle(562,792.6622,-824.7413,69.7717,10.8903,101,4 ); 
AddStaticVehicle(405,211.8928,-1419.0681,13.1531,135.6236,24,1 ); 
AddStaticVehicle(461,203.5655,-1441.0552,12.6881,319.3540,43,1 ); 
AddStaticVehicle(482,216.6308,-1431.9065,13.3691,313.9951,48,48 ); 
AddStaticVehicle(462,338.6057,-1340.7114,14.1075,116.4867,53,61 ); 
AddStaticVehicle(439,343.3987,-1353.3427,14.4033,299.2459,43,21 ); 
AddStaticVehicle(542,412.7446,-1318.5144,14.6645,210.7711,112,131 ); 
AddStaticVehicle(521,411.1232,-1311.2087,14.5024,140.9818,36,0 ); 
AddStaticVehicle(562,500.5935,-1304.4486,16.8673,309.5460,19,113 ); 
AddStaticVehicle(521,531.3096,-1315.9927,16.8135,188.1211,74,74 ); 
AddStaticVehicle(589,534.3378,-1291.4104,17.0133,1.2697,127,47 ); 
AddStaticVehicle(463,542.3274,-1292.8159,16.7824,341.9847,79,3 ); 
AddStaticVehicle(496,556.2568,-1291.2498,17.0149,180.9516,61,21 ); 
AddStaticVehicle(461,587.8506,-1279.8562,15.9628,75.5049,57,94 ); 
AddStaticVehicle(463,588.5497,-1282.7085,15.7110,71.1037,20,60 ); 
AddStaticVehicle(589,569.1940,-1264.3147,16.4483,105.7125,75,1 ); 
AddStaticVehicle(474,580.0232,-1310.1290,13.6310,190.1793,54,114 ); 
AddStaticVehicle(429,760.3118,-1026.9938,23.8337,171.0469,25,78 ); 
AddStaticVehicle(411,825.8176,-1006.6130,27.4827,38.8900,123,1 ); 
AddStaticVehicle(429,973.4509,-930.9051,42.1739,91.9582,71,134 ); 
AddStaticVehicle(463,892.2068,-944.0689,41.3930,346.6371,46,55 ); 
AddStaticVehicle(496,1039.0024,-925.8621,42.0801,3.8901,95,87 ); 
AddStaticVehicle(496,1028.1858,-887.8458,41.8743,18.1745,76,26 ); 
AddStaticVehicle(534,1091.6672,-934.4342,42.7434,181.8923,53,53 ); 
AddStaticVehicle(496,1196.4460,-887.2950,42.7778,4.9401,13,118 ); 
AddStaticVehicle(461,1184.3699,-898.7025,42.8468,50.8006,26,5 ); 
AddStaticVehicle(479,1307.0081,-871.5775,39.3723,88.4695,20,119 ); 
AddStaticVehicle(482,1307.4617,-865.4689,39.6982,269.2831,52,52 ); 
AddStaticVehicle(543,1307.4490,-856.3735,39.3962,86.8428,32,8 ); 
AddStaticVehicle(463,1305.3447,-860.6293,39.1185,240.4489,102,77 ); 
AddStaticVehicle(567,1327.1772,-856.8694,39.4427,355.0141,96,74 ); 
AddStaticVehicle(458,1422.6184,-915.6990,35.9254,173.6657,76,95 ); 
AddStaticVehicle(439,1455.1505,-920.9677,37.4997,5.5316,137,65 ); 
AddStaticVehicle(550,1025.4679,-981.0638,42.4947,275.3589,109,23 ); 
AddStaticVehicle(576,929.9745,-996.4139,37.8311,274.6470,68,96 ); 
AddStaticVehicle(404,863.1107,-1056.6387,24.8362,216.7097,119,50 ); 
AddStaticVehicle(463,868.9804,-1068.5559,24.6418,26.0884,90,87 ); 
AddStaticVehicle(439,783.3749,-1356.8221,13.4354,272.4747,0,119 ); 
AddStaticVehicle(463,733.6376,-1347.5618,13.0519,258.9138,22,22 ); 
AddStaticVehicle(429,783.3834,-1347.7704,13.3739,90.3087,52,94 ); 
AddStaticVehicle(536,1696.6791,-2097.0415,13.2841,179.3459,30,96 ); 
AddStaticVehicle(542,1662.7777,-2110.7148,13.2900,90.3870,45,92 ); 
AddStaticVehicle(400,1707.4287,-2142.6919,13.6471,229.0505,40,110 ); 
AddStaticVehicle(567,1725.0461,-2130.4683,13.4259,180.7540,88,64 ); 
AddStaticVehicle(412,1724.0801,-2092.9343,13.3837,178.9921,91,31 ); 
AddStaticVehicle(536,1747.4430,-2097.3616,13.2870,179.0798,32,1 ); 
AddStaticVehicle(576,1793.3020,-2149.7551,13.2392,180.6801,72,1 ); 
AddStaticVehicle(536,1772.7323,-2096.0732,13.2853,181.7548,37,1 ); 
AddStaticVehicle(549,1948.6121,-2114.0183,13.2416,90.8657,79,39 ); 
AddStaticVehicle(496,1948.0044,-2126.9031,13.2611,269.0660,37,19 ); 
AddStaticVehicle(463,1941.4159,-2139.8730,13.0970,153.7429,53,53 ); 
AddStaticVehicle(414,1924.2328,-2123.9316,13.6772,359.7333,95,1 ); 
AddStaticVehicle(576,1938.4186,-2089.9116,13.1725,87.9823,74,8 ); 
AddStaticVehicle(518,1979.0964,-2065.5842,13.1683,1.5510,95,1 ); 
AddStaticVehicle(482,1998.8810,-2095.2688,13.6603,182.4098,110,110 ); 
AddStaticVehicle(482,2079.6143,-2007.4128,13.6618,267.6052,66,66 ); 
AddStaticVehicle(543,2070.6382,-1995.7777,13.3738,177.5505,32,8 ); 
AddStaticVehicle(463,2064.7144,-1998.2357,13.0870,323.5498,19,19 ); 
AddStaticVehicle(475,1981.1689,-1985.4224,13.3487,0.0153,33,0 ); 
AddStaticVehicle(443,2002.9520,-1940.1552,13.9832,90.4363,20,1 ); 
AddStaticVehicle(413,2062.2634,-1904.0969,13.6286,358.4263,91,1 ); 
AddStaticVehicle(426,2065.5415,-1920.3318,13.2901,179.3121,53,53 ); 
AddStaticVehicle(468,2120.8396,-1874.5211,13.2159,331.0408,6,6 ); 
AddStaticVehicle(448,2125.2058,-1817.1385,13.1554,304.3319,3,6 ); 
AddStaticVehicle(448,2124.9956,-1814.4016,13.1552,307.8773,3,6 ); 
AddStaticVehicle(448,2124.6506,-1811.7200,13.1522,308.4132,3,6 ); 
AddStaticVehicle(489,2121.7656,-1783.0730,13.5319,181.4553,112,120 ); 
AddStaticVehicle(600,2106.7954,-1783.6602,13.0983,178.3882,32,8 ); 
AddStaticVehicle(400,2114.6040,-1783.4563,13.4944,359.1006,28,119 ); 
AddStaticVehicle(546,2095.9749,-1800.3145,13.1088,268.3826,78,38 ); 
AddStaticVehicle(400,2096.2324,-1819.9232,13.4752,269.6763,75,1 ); 
AddStaticVehicle(554,1928.4520,-1795.0306,13.4708,269.1664,15,32 ); 
AddStaticVehicle(475,1976.6083,-1727.6584,15.7685,270.5382,33,0 ); 
AddStaticVehicle(400,2014.2510,-1737.9341,13.6451,89.6673,40,1 ); 
AddStaticVehicle(546,2017.8608,-1707.7689,13.2712,91.0950,3,87 ); 
AddStaticVehicle(496,1967.9211,-1658.8986,15.7506,88.9660,52,69 ); 
AddStaticVehicle(474,2026.2841,-1649.0118,13.3172,268.3413,105,1 ); 
AddStaticVehicle(429,1990.6079,-1579.2163,13.2836,74.1057,14,14 ); 
AddStaticVehicle(475,2014.0079,-1597.3103,13.3757,134.4442,37,0 ); 
AddStaticVehicle(466,2057.4875,-1636.5558,13.2887,269.2682,2,76 ); 
AddStaticVehicle(496,2062.4905,-1694.4796,13.3308,89.8789,71,107 ); 
AddStaticVehicle(533,2062.6511,-1738.6663,13.2560,90.7603,74,1 ); 
AddStaticVehicle(412,2238.7908,-1630.9789,15.5684,339.3786,29,8 ); 
AddStaticVehicle(534,2284.0630,-1681.7241,13.8912,0.3629,53,53 ); 
AddStaticVehicle(475,2271.4482,-1634.8553,15.1246,1.4485,9,39 ); 
AddStaticVehicle(463,2289.7493,-1685.7275,13.2727,338.6942,36,36 ); 
AddStaticVehicle(496,2296.9233,-1644.5267,14.5451,178.7794,17,1 ); 
AddStaticVehicle(474,2328.1565,-1677.1449,14.1746,268.4948,74,1 ); 
AddStaticVehicle(545,2319.2271,-1712.0625,13.3579,179.0224,44,96 ); 
AddStaticVehicle(475,2416.0103,-1707.7166,13.5772,180.6127,17,1 ); 
AddStaticVehicle(400,2443.6687,-1637.1934,13.3619,180.6244,10,10 ); 
AddStaticVehicle(404,2516.5413,-1672.2059,13.6568,247.4270,123,92 ); 
AddStaticVehicle(600,2501.3005,-1685.7114,13.2052,54.2230,43,8 ); 
AddStaticVehicle(482,2473.6335,-1688.4501,13.6213,1.3507,34,34 ); 
AddStaticVehicle(426,2500.2908,-1755.7277,13.1737,179.5942,53,53 ); 
AddStaticVehicle(414,2445.8567,-1762.6874,13.6820,179.0055,9,1 ); 
AddStaticVehicle(479,2452.3486,-1784.1185,13.3435,358.6820,60,35 ); 
AddStaticVehicle(475,2498.7920,-1953.6908,13.2268,180.0759,33,0 ); 
AddStaticVehicle(482,2482.8601,-1953.4886,13.5429,359.9536,32,32 ); 
AddStaticVehicle(475,2731.4260,-1937.1626,13.3474,270.9490,37,0 ); 
AddStaticVehicle(489,2685.5461,-1986.3003,13.6939,358.8623,120,123 ); 
AddStaticVehicle(536,2685.3967,-2021.3516,13.2650,179.1453,57,96 ); 
AddStaticVehicle(475,2644.9438,-1989.3313,13.3576,178.5030,56,29 ); 
AddStaticVehicle(547,2787.8420,-1876.2371,9.5681,179.4587,123,1 ); 
AddStaticVehicle(426,2757.7773,-1847.0181,9.4532,21.0801,37,37 ); 
AddStaticVehicle(479,2732.6860,-1875.2740,9.3877,359.7763,45,32 ); 
AddStaticVehicle(567,2706.5757,-1843.5668,9.3669,339.9568,97,96 ); 
AddStaticVehicle(458,2679.1792,-1826.0692,9.2646,129.6775,113,1 ); 
AddStaticVehicle(439,2657.7949,-1812.8765,9.1989,98.6444,67,8 ); 
AddStaticVehicle(461,2697.0117,-1836.8411,9.0454,131.7257,61,1 ); 
AddStaticVehicle(463,2757.8318,-1878.8939,9.2421,331.1535,7,122 ); 
AddStaticVehicle(521,2813.1143,-1822.5189,9.5068,56.5744,87,118 ); 
AddStaticVehicle(521,2808.0325,-1669.0962,9.5088,168.8724,92,3 ); 
AddStaticVehicle(466,2829.7585,-1699.7444,9.7443,256.3983,16,76 ); 
AddStaticVehicle(545,2825.0059,-1718.6702,9.8159,77.5273,30,1 ); 
AddStaticVehicle(588,2686.6833,-1672.3564,9.3456,1.2872,1,1 ); 
AddStaticVehicle(546,2657.6079,-1701.7725,9.0416,92.9747,113,78 ); 
AddStaticVehicle(521,2654.6636,-1692.5939,8.8779,251.8571,36,0 ); 
AddStaticVehicle(463,2696.4189,-1669.2604,9.0249,152.7104,11,11 ); 
AddStaticVehicle(474,2813.8862,-1429.2637,16.0126,357.9624,83,1 ); 
AddStaticVehicle(546,2792.6982,-1432.1294,19.9428,95.9562,119,62 ); 
AddStaticVehicle(521,2819.5498,-1427.8861,27.7283,97.0200,75,13 ); 
AddStaticVehicle(429,2796.6160,-1428.0923,35.7734,355.7729,1,2 ); 
AddStaticVehicle(400,2794.7859,-1464.7653,40.1536,180.1253,75,84 ); 
AddStaticVehicle(418,2816.5820,-1431.5497,40.1556,268.4159,114,114 ); 
AddStaticVehicle(521,2794.0625,-1576.2109,10.4993,252.9832,118,118 ); 
AddStaticVehicle(600,2796.4966,-1562.6956,10.6452,89.5535,83,13 ); 
AddStaticVehicle(426,2822.3193,-1553.4038,10.6672,89.8755,42,42 ); 
AddStaticVehicle(533,2807.4377,-1540.4016,10.6310,180.0459,73,1 ); 
AddStaticVehicle(414,2772.3438,-1614.6322,11.0090,270.6050,43,1 ); 
AddStaticVehicle(589,2855.3896,-1354.9142,10.8385,271.7889,40,1 ); 
AddStaticVehicle(521,2850.3010,-1323.3470,10.8710,43.7938,92,3 ); 
AddStaticVehicle(562,2845.5762,-1287.0035,18.8725,276.4800,62,62 ); 
AddStaticVehicle(463,2802.9653,-1174.3158,25.0878,148.6355,22,22 ); 
AddStaticVehicle(589,2814.8518,-1186.5088,24.9740,125.2599,43,1 ); 
AddStaticVehicle(496,2827.8259,-1165.8298,24.8425,74.4954,41,29 ); 
AddStaticVehicle(419,2828.4297,-1193.2813,24.7035,319.2678,47,76 ); 
AddStaticVehicle(521,2686.6938,-1102.2723,68.9335,36.2440,25,118 ); 
AddStaticVehicle(536,2570.6431,-1101.5728,65.9616,224.2815,30,96 ); 
AddStaticVehicle(461,2589.6411,-967.6470,80.9740,54.8113,88,1 ); 
AddStaticVehicle(543,2561.0659,-955.9353,82.5712,189.2468,32,8 ); 
AddStaticVehicle(543,2499.9092,-961.6536,82.0865,177.1486,43,8 ); 
AddStaticVehicle(478,2492.5671,-951.8682,82.2364,268.9169,66,1 ); 
AddStaticVehicle(463,2450.5344,-957.0054,79.5994,88.6032,79,79 ); 
AddStaticVehicle(521,2359.4319,-648.6396,127.7032,321.5916,36,0 ); 
AddStaticVehicle(478,2368.4819,-651.1127,127.6424,221.5063,59,1 ); 
AddStaticVehicle(529,2497.5225,-1063.2612,69.7644,180.0623,42,42 ); 
AddStaticVehicle(412,2503.8013,-1024.9954,69.9222,354.6204,37,8 ); 
AddStaticVehicle(536,2485.7839,-1015.6508,65.0513,332.0788,57,96 ); 
AddStaticVehicle(475,2453.7122,-1011.7231,59.5763,354.2991,37,0 ); 
AddStaticVehicle(549,2432.1267,-1056.5386,54.0339,182.6494,91,35 ); 
AddStaticVehicle(521,2366.8833,-1052.4576,53.7198,162.4203,118,118 ); 
AddStaticVehicle(463,2334.8330,-1052.5548,51.8916,205.8942,7,7 ); 
AddStaticVehicle(400,2328.0398,-1052.3500,52.4471,178.7152,40,1 ); 
AddStaticVehicle(468,2368.9734,-1029.3669,53.9112,303.9771,53,53 ); 
AddStaticVehicle(521,2222.1743,-1043.8972,57.4453,287.0623,92,3 ); 
AddStaticVehicle(475,2200.8208,-1000.4743,62.1100,337.4120,41,29 ); 
AddStaticVehicle(536,2073.8337,-972.3666,48.8145,121.6684,9,1 ); 
AddStaticVehicle(461,2057.1284,-987.3378,45.8448,41.0353,37,1 ); 
AddStaticVehicle(549,2032.1614,-966.3978,40.8893,144.2881,74,39 ); 
AddStaticVehicle(521,1994.0328,-1089.3951,24.1790,265.7199,115,118 ); 
AddStaticVehicle(536,1910.2012,-1117.5193,25.4453,359.7224,12,1 ); 
AddStaticVehicle(576,1934.3488,-1118.8567,26.0909,167.6531,84,96 ); 
AddStaticVehicle(540,1991.7618,-1119.2262,26.6329,88.5620,42,42 ); 
AddStaticVehicle(549,2090.1191,-1141.0527,25.2550,91.9199,83,36 ); 
AddStaticVehicle(536,2116.0889,-1059.6656,25.4645,1.6788,30,96 ); 
AddStaticVehicle(549,2161.8665,-1148.1637,24.0918,268.7138,84,36 ); 
AddStaticVehicle(576,2162.5032,-1162.9884,23.4278,270.5314,67,1 ); 
AddStaticVehicle(540,2147.6460,-1180.4316,23.6805,271.2742,53,53 ); 
AddStaticVehicle(554,2161.5271,-1192.5657,23.9013,270.6950,14,32 ); 
AddStaticVehicle(521,2164.0178,-1178.0918,23.3890,68.9158,74,74 ); 
AddStaticVehicle(463,2145.5957,-1162.0776,23.3554,273.2266,57,55 ); 
AddStaticVehicle(475,2148.7520,-1242.4739,24.4964,2.1731,9,39 ); 
AddStaticVehicle(536,2105.4612,-1242.9531,24.7791,1.3025,71,96 ); 
AddStaticVehicle(475,2033.9213,-1285.0781,20.7583,269.6826,17,1 ); 
AddStaticVehicle(479,2033.2328,-1294.9094,20.7262,90.1861,116,34 ); 
AddStaticVehicle(536,2095.4097,-1365.6405,23.7217,359.4201,26,96 ); 
AddStaticVehicle(567,2136.8682,-1366.1549,24.9118,181.6538,97,96 ); 
AddStaticVehicle(554,2156.6670,-1408.6438,25.6234,89.8769,15,32 ); 
AddStaticVehicle(529,2150.2095,-1423.7836,25.1728,270.8055,53,53 ); 
AddStaticVehicle(412,2157.4702,-1454.6027,25.3766,272.0728,9,1 ); 
AddStaticVehicle(482,2168.9004,-1503.8928,24.0567,264.3123,66,66 ); 
AddStaticVehicle(554,2191.4373,-1465.7140,25.6253,90.8413,45,32 ); 
AddStaticVehicle(489,2185.0557,-1434.4803,25.6846,93.1798,13,118 ); 
AddStaticVehicle(529,2229.7317,-1367.4005,23.6257,273.8516,62,62 ); 
AddStaticVehicle(405,2229.4822,-1348.8889,23.8603,87.4558,75,1 ); 
AddStaticVehicle(600,2230.1382,-1359.4955,23.7003,269.3415,104,72 ); 
AddStaticVehicle(536,2196.1318,-1278.5265,24.2447,358.3134,32,1 ); 
AddStaticVehicle(479,2426.9795,-1241.6071,24.0514,176.5720,40,29 ); 
AddStaticVehicle(603,2414.5007,-1223.4979,24.7468,354.3562,69,1 ); 
AddStaticVehicle(475,2431.3196,-1241.5726,24.1538,177.5767,2,39 ); 
AddStaticVehicle(463,2430.6926,-1220.7517,24.9012,142.6704,19,19 ); 
AddStaticVehicle(467,2556.9187,-1211.2632,54.2710,92.0357,68,8 ); 
AddStaticVehicle(475,2559.0198,-1194.6180,61.2624,177.0269,17,1 ); 
AddStaticVehicle(412,2491.1543,-1299.4158,32.1578,276.4995,37,8 ); 
AddStaticVehicle(554,2489.9026,-1292.7750,32.0910,246.3011,45,32 ); 
AddStaticVehicle(400,2493.6797,-1276.2856,33.0028,268.8489,40,110 ); 
AddStaticVehicle(475,2390.2915,-1487.7120,23.6330,90.8244,41,29 ); 
AddStaticVehicle(400,2390.6387,-1503.7330,23.9272,270.7136,62,1 ); 
AddStaticVehicle(463,2389.4578,-1497.8422,23.3752,243.2236,79,79 ); 
AddStaticVehicle(545,2396.8088,-1536.9807,23.8111,0.1546,50,1 ); 
AddStaticVehicle(479,2407.3284,-1538.0587,23.7968,0.6749,59,36 ); 
AddStaticVehicle(466,2412.8625,-1537.3831,23.7432,357.6566,78,76 ); 
AddStaticVehicle(475,2449.7637,-1556.8450,23.8046,1.3418,17,1 ); 
AddStaticVehicle(529,2454.6299,-1557.0045,23.6327,180.1560,16,40 ); 
AddStaticVehicle(496,2477.5659,-1557.4111,23.7818,358.5618,41,29 ); 
AddStaticVehicle(463,2491.4055,-1535.6182,23.5519,59.4337,11,11 ); 
AddStaticVehicle(461,2491.1179,-1529.3501,23.5688,56.2088,75,1 ); 
AddStaticVehicle(521,2491.4360,-1532.5398,23.5717,55.7102,25,118 ); 
AddStaticVehicle(496,2489.5791,-1518.4509,23.7588,269.8171,2,39 ); 
AddStaticVehicle(562,2482.6208,-1557.3427,23.6524,2.3099,10,10 ); 
AddStaticVehicle(468,2499.0034,-1538.0708,23.6439,335.4962,3,3 ); 
AddStaticVehicle(536,2520.1445,-1480.9065,23.7363,1.3232,37,1 ); 
AddStaticVehicle(533,2573.5979,-1489.6091,23.7162,87.7542,77,1 ); 
AddStaticVehicle(521,2554.3159,-1367.9281,31.7872,241.1393,36,0 ); 
AddStaticVehicle(536,2411.6626,-1390.6456,24.0787,268.8195,26,96 ); 
AddStaticVehicle(533,1819.8600,-1403.5051,13.1363,89.9457,73,1 ); 
AddStaticVehicle(496,1809.4696,-1432.1268,13.0139,274.7705,42,42 ); 
AddStaticVehicle(542,1676.1560,-1106.9868,23.6493,268.6964,113,92 ); 
AddStaticVehicle(589,1649.5083,-1102.5532,23.5644,270.0267,31,31 ); 
AddStaticVehicle(589,1658.4116,-1088.9274,23.6777,89.2744,75,1 ); 
AddStaticVehicle(482,1620.9778,-1089.5054,24.0216,89.9049,48,48 ); 
AddStaticVehicle(518,1629.4741,-1103.3231,23.5760,268.5257,9,39 ); 
AddStaticVehicle(518,1640.7035,-1046.7117,23.5692,359.8533,17,1 ); 
AddStaticVehicle(482,1660.7136,-1016.1744,23.9634,11.4114,20,117 ); 
AddStaticVehicle(496,1689.9340,-1035.6692,23.6231,178.1297,20,20 ); 
AddStaticVehicle(429,1712.4379,-1005.7189,23.5937,351.9539,13,13 ); 
AddStaticVehicle(542,1731.1282,-1009.0837,23.6852,348.1700,119,113 ); 
AddStaticVehicle(496,1757.4509,-1037.7462,23.8359,180.9093,39,39 ); 
AddStaticVehicle(475,1770.8777,-1061.7106,23.7646,179.4640,26,104 ); 
AddStaticVehicle(496,1780.0526,-1069.8851,23.6770,359.9332,9,14 ); 
AddStaticVehicle(536,1762.5533,-1085.8549,23.6983,180.7030,57,96 ); 
AddStaticVehicle(518,1740.1122,-1085.8320,23.6318,181.0830,74,59 ); 
AddStaticVehicle(542,1726.2168,-1085.2207,23.6669,182.7872,122,113 ); 
AddStaticVehicle(549,1699.9979,-1068.8979,23.6031,357.9710,75,39 ); 
AddStaticVehicle(400,1713.3634,-1061.1498,23.9985,181.1158,36,1 ); 
AddStaticVehicle(496,1640.7484,-1038.1542,23.6150,358.3014,0,0 ); 
AddStaticVehicle(542,1594.9391,-1009.9454,23.6493,185.8625,13,118 ); 
AddStaticVehicle(482,1577.2344,-1040.1863,24.0271,141.0052,52,52 ); 
AddStaticVehicle(536,1562.9835,-1011.3809,23.6439,359.5882,12,1 ); 
AddStaticVehicle(496,1546.6223,-1026.6492,23.6228,162.1279,74,72 ); 
AddStaticVehicle(463,1577.0701,-1008.9494,23.4464,165.1993,7,7 ); 
AddStaticVehicle(521,1592.5432,-1057.9313,23.4784,297.7319,118,118 ); 
AddStaticVehicle(461,1651.4000,-1015.1333,23.4877,216.5875,88,1 ); 
AddStaticVehicle(463,1694.4098,-1003.8555,23.4463,216.3939,11,11 ); 
AddStaticVehicle(521,1748.7355,-1039.5499,23.5323,15.0375,134,95 ); 
AddStaticVehicle(542,1657.5460,-1137.0397,23.6497,178.3330,24,118 ); 
AddStaticVehicle(589,1616.6453,-1128.1941,23.5644,92.6623,23,23 ); 
AddStaticVehicle(484,2947.8057,-2052.6362,0.4738,359.4145,50,32 ); 
AddStaticVehicle(456,2313.5281,-2310.5837,13.7196,133.0174,91,63 ); 
AddStaticVehicle(455,2264.7073,-2335.1189,13.9838,314.5604,84,58 ); 
AddStaticVehicle(455,2612.2107,-2198.1665,13.9835,180.4830,84,31 ); 
AddStaticVehicle(525,2572.6416,-2240.2261,13.4192,93.6711,17,20 ); 
AddStaticVehicle(453,2505.7712,-2269.1885,-0.3120,268.6544,56,56 ); 
AddStaticVehicle(453,2307.9446,-2414.1733,-0.2071,314.9561,56,56 ); 
AddStaticVehicle(455,2189.0393,-2649.3572,13.9833,266.7652,1,31 ); 
AddStaticVehicle(525,2226.0032,-2677.0149,13.4329,4.2993,18,20 ); 
AddStaticVehicle(552,2200.3921,-2638.4026,13.2521,357.1788,56,56 ); 
AddStaticVehicle(422,2203.6013,-2595.3611,13.5221,87.9727,83,57 ); 
AddStaticVehicle(422,2206.7747,-2527.8098,13.5299,94.0067,67,59 ); 
AddStaticVehicle(525,2510.2681,-2629.5205,13.5251,88.6646,22,30 ); 
AddStaticVehicle(456,2491.5276,-2671.4338,13.8094,180.9983,110,93 ); 
AddStaticVehicle(455,2498.7861,-2572.7219,14.0866,357.5439,84,15 ); 
AddStaticVehicle(422,2516.4746,-2452.8889,13.6216,44.3283,96,25 ); 
AddStaticVehicle(470,2764.3169,-2383.4829,13.6235,181.4826,43,0 ); 
AddStaticVehicle(470,2779.5730,-2440.3181,13.6296,267.8545,43,0 ); 
AddStaticVehicle(470,2737.3740,-2485.6760,13.6431,87.2884,43,0 ); 
AddStaticVehicle(400,2744.2754,-2447.5588,13.7433,179.2557,40,84 ); 
AddStaticVehicle(400,2765.2122,-2531.8735,13.7407,359.5258,40,84 ); 
AddStaticVehicle(400,2784.2922,-2387.0547,13.7279,89.7828,40,84 ); 
AddStaticVehicle(400,2753.1467,-2387.5439,13.7358,1.3794,40,84 ); 
AddStaticVehicle(552,2656.9172,-2451.1821,13.3204,93.4499,49,49 ); 
AddStaticVehicle(422,2428.1499,-2492.5559,13.6317,45.6813,111,31 ); 
AddStaticVehicle(530,2435.3372,-2434.5278,13.3911,41.7356,112,1 ); 
AddStaticVehicle(530,2418.4021,-2506.5557,13.4131,273.4680,114,1 ); 
AddStaticVehicle(530,2205.8362,-2571.1787,13.3094,85.7644,119,1 ); 
AddStaticVehicle(455,2152.5361,-2148.2825,13.9860,310.8004,1,31 );
AddStaticVehicle(439,1373.6738,-1634.1741,13.2790,271.5004,8,17 ); 
AddStaticVehicle(542,1362.9803,-1659.5125,13.1263,270.4668,32,92 ); 
AddStaticVehicle(475,1359.6680,-1749.6177,13.1843,0.0962,21,1 ); 
AddStaticVehicle(439,1401.3602,-1507.1211,13.4834,163.4146,67,8 ); 
AddStaticVehicle(475,1500.1357,-1487.4355,13.3556,91.3002,2,39 ); 
AddStaticVehicle(542,1797.1293,-1701.1102,13.2757,179.5340,31,93 ); 
AddStaticVehicle(521,1807.9387,-1688.3774,13.1068,105.3693,75,13 ); 
AddStaticVehicle(414,1781.8600,-1701.3483,13.5957,3.8341,25,1 ); 
AddStaticVehicle(475,306.7730,-1438.4087,27.7341,120.6372,33,0 ); 
AddStaticVehicle(475,1277.5547,-1610.1168,13.3511,90.3928,2,39 ); 
AddStaticVehicle(439,1670.6208,-1886.9011,13.4429,2.8833,65,79 ); 
AddStaticVehicle(414,1653.4976,-1837.6439,13.6400,1.1054,72,1 ); 
AddStaticVehicle(475,1145.1482,-1366.7389,13.5456,184.4175,2,39 ); 
AddStaticVehicle(418,2090.4797,-1556.7979,13.2113,181.8175,114,114 ); 
AddStaticVehicle(554,2224.8198,-2211.0693,13.6286,314.5282,45,32 ); 
AddStaticVehicle(403,2201.2490,-2241.3311,14.1532,135.1536,30,1 ); 
AddStaticVehicle(403,2196.7461,-2236.3652,14.1486,134.2909,28,1 ); 
AddStaticVehicle(403,2208.1824,-2296.9404,15.3708,136.0373,25,1 ); 
AddStaticVehicle(439,2393.2522,-1927.3457,13.2782,179.4218,65,79 ); 
AddStaticVehicle(475,2383.3689,-1928.1165,13.1844,179.4976,56,29 ); 
AddStaticVehicle(521,2376.8760,-1929.3613,12.9563,341.1395,87,118 ); 
AddStaticVehicle(439,2349.1824,-2000.2684,13.2666,267.0585,25,78 ); 
AddStaticVehicle(420,1775.6141,-1860.0100,13.2745,269.2006,6,1 ); 
AddStaticVehicle(420,1763.0121,-1860.0037,13.2723,271.2998,6,1 ); 
AddStaticVehicle(420,1748.9358,-1859.9502,13.2721,270.3943,6,1 ); 
AddStaticVehicle(420,1734.6754,-1859.9305,13.2740,270.5646,6,1 ); 
AddStaticVehicle(542,1512.3342,-2211.7639,13.2940,359.3842,45,92 ); 
AddStaticVehicle(518,1546.2539,-2211.5557,13.2254,178.7042,37,0 ); 
AddStaticVehicle(521,1560.0939,-2243.5127,13.1179,94.0584,118,118 ); 
AddStaticVehicle(429,1441.7079,-2225.1514,13.2265,1.5921,13,13 ); 
AddStaticVehicle(518,1454.6436,-2224.9185,13.2177,0.2168,41,29 ); 
AddStaticVehicle(496,1408.1469,-2242.1521,13.2630,359.3946,9,14 ); 
AddStaticVehicle(439,1398.1570,-2225.4885,13.4427,179.6260,37,78 ); 
AddStaticVehicle(475,1391.6555,-2241.8704,13.3495,180.5889,33,0 ); 
AddStaticVehicle(542,1364.5348,-2242.7036,13.2899,270.7713,119,113 ); 
AddStaticVehicle(542,1404.6641,-2314.1211,13.2898,180.5298,122,113 ); 
AddStaticVehicle(518,1411.2491,-2347.3430,13.2101,180.0483,9,39 ); 
AddStaticVehicle(496,1391.5173,-2364.2131,13.2633,179.7053,0,0 ); 
AddStaticVehicle(521,1365.7269,-2351.5515,13.1069,87.0619,92,3 );
AddStaticVehicle(599,-807.0116,-942.0936,104.6271,314.7196,0,1 ); 
AddStaticVehicle(405,-589.3418,-1079.1355,23.3771,236.8904,24,1 ); 
AddStaticVehicle(505,-569.3895,-1048.4032,24.0146,237.8018,14,123 ); 
AddStaticVehicle(403,-349.3221,-1052.6652,59.4551,89.0788,14,123 ); 
AddStaticVehicle(505,-388.6629,-1150.0758,69.5786,357.9839,14,123 ); 
AddStaticVehicle(403,-76.0173,-1110.5597,1.0456,157.5384,36,2 ); 
AddStaticVehicle(531,-41.9499,-1153.2262,1.0440,63.5908,36,2 ); 
AddStaticVehicle(403,-39.6653,-1149.7799,1.0409,65.3597,36,2 ); 
AddStaticVehicle(531,-82.1817,-1137.4266,1.0402,340.8923,36,2 ); 
AddStaticVehicle(531,-85.4142,-1135.9938,1.0412,337.3026,36,2 ); 
AddStaticVehicle(403,-184.4848,-1307.1466,5.7091,103.7043,36,2 ); 
AddStaticVehicle(531,-367.7308,-1437.3649,25.6921,89.2236,36,2 ); 
AddStaticVehicle(422,-587.1984,-1499.8407,10.1747,36.7555,97,25 ); 
AddStaticVehicle(422,-657.5599,-1606.0066,25.1821,175.4014,97,25 ); 
AddStaticVehicle(400,-495.5439,-1834.0343,17.7955,184.7055,101,1 ); 
AddStaticVehicle(473,-512.5999,-1902.9431,5.0016,179.0171,56,53 ); 
AddStaticVehicle(468,-655.3087,-1998.3328,26.7546,211.5583,46,46 ); 
AddStaticVehicle(466,-841.4815,-2274.6650,20.8199,210.7536,68,76 ); 
AddStaticVehicle(466,-714.6012,-2547.3081,50.9399,128.7565,68,76 ); 
AddStaticVehicle(473,-485.8806,-2852.4319,-0.1373,248.4979,56,15 ); 
AddStaticVehicle(473,-196.7365,-2925.3259,0.0006,269.7706,56,15 ); 
AddStaticVehicle(473,-237.4600,-1794.3876,-0.1057,3.6694,56,15 ); 
AddStaticVehicle(468,-271.2445,-1790.1851,10.9364,163.2745,3,3 ); 
AddStaticVehicle(400,-379.1094,-2171.6399,46.6781,140.2350,62,1 );  
AddStaticVehicle(410,-1196.9539,-2364.4788,18.5773,236.2259,9,1 ); 
AddStaticVehicle(532,-759.8405,-2458.4460,72.6366,319.4753,0,0 ); 
AddStaticVehicle(400,-20.6879,-2498.1814,36.7408,122.2802,4,1 ); 
AddStaticVehicle(400,-17.0690,-2520.2581,36.7478,213.8456,4,1 ); 
AddStaticVehicle(410,-31.9095,-2493.5383,36.3036,194.0151,10,1 ); 
AddStaticVehicle(599,-11.5140,-2512.1458,36.8428,121.2561,0,1 ); 
AddStaticVehicle(489,20.0119,-2648.0332,40.6164,92.6500,112,120 ); 
AddStaticVehicle(489,-186.1633,-2516.2021,31.3678,342.0027,112,120 ); 
AddStaticVehicle(466,-384.6082,-2474.8984,102.4780,268.9366,25,76 ); 
AddStaticVehicle(466,-485.5412,-2688.4248,152.3252,102.3787,25,76 ); 
AddStaticVehicle(471,-765.0049,-2686.1196,83.7728,114.8461,120,112 );   
AddStaticVehicle(586,-1541.8571,-1342.7786,50.5056,14.3390,122,1 ); 
AddStaticVehicle(586,-1029.8485,-638.6542,31.5280,93.4600,8,1 ); 
AddStaticVehicle(586,-1006.8740,-674.1090,31.5279,275.2718,8,1 ); 
AddStaticVehicle(400,-983.5594,-641.0239,32.1002,271.1476,101,1 ); 
AddStaticVehicle(400,-1006.5243,-623.0823,32.1002,90.1122,101,1 ); 
AddStaticVehicle(483,-1030.8571,-658.6420,32.0001,90.1086,1,31 ); 
AddStaticVehicle(531,-940.2722,-498.2120,25.9274,256.5565,51,53 ); 
AddStaticVehicle(531,-918.0818,-534.8812,25.9175,357.6102,51,53 ); 
AddStaticVehicle(532,-1140.0840,-991.7651,130.1964,86.3863,0,0 ); 
AddStaticVehicle(532,-1164.6876,-1057.4521,130.2022,277.3220,0,0 ); 
AddStaticVehicle(466,-1407.8011,-1165.6597,103.0781,151.5499,78,76 ); 
AddStaticVehicle(531,-1444.6823,-1496.3507,101.7242,183.6463,91,2 ); 
AddStaticVehicle(531,-1417.1289,-1534.5874,101.7193,184.5565,91,2 );
AddStaticVehicle(531,-1451.8495,-1456.9764,101.7236,175.8479,91,2 );  
AddStaticVehicle(468,-219.3871,-906.6091,40.6608,186.4501,46,46 ); 
AddStaticVehicle(471,-504.2122,-1660.6406,10.6085,43.9901,103,111 ); 
AddStaticVehicle(468,-916.9662,-1459.5214,122.9255,13.1392,46,46 ); 
AddStaticVehicle(468,-1071.7697,-1296.8829,128.8868,278.9760,46,46 ); 
AddStaticVehicle(468,-1112.6062,-1671.9421,76.0362,359.7007,46,46 ); 
AddStaticVehicle(532,-1058.2371,-1612.5803,77.3616,174.8907,0,0 ); 
AddStaticVehicle(471,-1040.5020,-1662.9651,77.5813,217.8248,74,91 ); 
AddStaticVehicle(471,-925.3805,-1439.3502,125.5587,24.4562,74,83 );  
AddStaticVehicle(531,-85.5815,-1608.7993,2.7154,300.0013,36,2 ); 
AddStaticVehicle(403,-47.9698,-1570.7786,3.2227,152.9310,37,1 ); 
AddStaticVehicle(400,-93.0630,-1194.6671,2.3429,344.3191,123,1 ); 
AddStaticVehicle(422,-81.0025,-1198.4222,2.2849,345.3639,97,25 );
AddStaticVehicle(531,-1438.7000000,-1478.1000000,101.7000000,0.0000000,101,106); //Tractor
AddStaticVehicle(531,-1459.2998000,-1463.4004000,101.8000000,0.0000000,101,106); //Tractor
AddStaticVehicle(466,-1417.7000000,-1460.4000000,101.6000000,0.0000000,170,173); //Glendale
AddStaticVehicle(404,-1440.2000000,-1529.5000000,101.6000000,0.0000000,30,46); //Perrenial
AddStaticVehicle(512,-1357.3000000,-1477.3000000,103.5000000,196.0000000,132,148); //Cropdust
AddStaticVehicle(512,-1128.3000000,-1057.3000000,129.8999900,0.0000000,115,14); //Cropdust
AddStaticVehicle(512,-1049.7000000,-1059.8000000,129.8000000,38.0000000,115,14); //Cropdust
AddStaticVehicle(531,-1054.2000000,-1146.7000000,128.5000000,0.0000000,37,37); //Tractor
AddStaticVehicle(404,-1040.1000000,-1170.6000000,129.0000000,0.0000000,82,86); //Perrenial
AddStaticVehicle(579,-1069.7000000,-1186.2000000,129.3000000,0.0000000,124,28); //Huntley
AddStaticVehicle(572,-1059.8000000,-1184.0000000,128.8999900,230.0000000,32,75); //Mower
AddStaticVehicle(549,-1057.2000000,-1218.4000000,129.0000000,0.0000000,167,162); //Tampa
AddStaticVehicle(492,-1057.5000000,-1208.3000000,129.0000000,0.0000000,111,130); //Greenwood
AddStaticVehicle(531,-1059.2000000,-1306.4000000,129.2000000,220.0000000,37,37); //Tractor
AddStaticVehicle(531,-1086.8000000,-1624.8000000,76.4000000,0.0000000,54,65); //Tractor
AddStaticVehicle(532,-1051.3000000,-1674.9000000,78.1000000,0.0000000,-1,-1); //Combine
AddStaticVehicle(568,-1105.0000000,-1610.9000000,76.3000000,258.0000000,118,123); //Bandito
AddStaticVehicle(568,-1125.4000000,-1613.0000000,76.3000000,143.9970000,118,123); //Bandito
AddStaticVehicle(404,-1101.7000000,-1658.1000000,76.2000000,0.0000000,105,88); //Perrenial
AddStaticVehicle(468,-951.7999900,-1680.6000000,76.1000000,0.0000000,22,34); //Sanchez
AddStaticVehicle(468,-1043.0000000,-1612.2998000,76.1000000,0.0000000,22,34); //Sanchez
AddStaticVehicle(514,-272.6000100,-2183.7000000,29.5000000,0.0000000,39,47); //Tanker
AddStaticVehicle(515,-293.0000000,-2147.2000000,30.2000000,126.0000000,102,28); //Roadtrain
AddStaticVehicle(482,-288.6000100,-2172.5000000,28.9000000,0.0000000,70,89); //Burrito
AddStaticVehicle(482,-260.3999900,-2191.3999000,28.9000000,120.0000000,70,89); //Burrito
AddStaticVehicle(508,-260.5996100,-2220.0996000,29.1000000,0.0000000,245,245); //Journey
AddStaticVehicle(463,-1546.0000000,-2750.3999000,48.2000000,174.0000000,14,49); //Freeway
AddStaticVehicle(463,-1541.5000000,-2752.8000000,48.2000000,173.9960000,14,49); //Freeway
AddStaticVehicle(463,-1555.4000000,-2743.5000000,48.2000000,307.9960000,14,49); //Freeway
AddStaticVehicle(463,-1561.4000000,-2740.1001000,48.2000000,327.9910000,14,49); //Freeway
AddStaticVehicle(526,-1567.1000000,-2735.6001000,48.4000000,324.0000000,158,164); //Fortune
AddStaticVehicle(489,-1571.5000000,-2732.7000000,48.9000000,326.0000000,77,50); //Rancher
AddStaticVehicle(584,-1628.9000000,-2695.3000000,49.7000000,0.0000000,245,245); //Trailer 3
AddStaticVehicle(514,-1527.2000000,-2757.1001000,49.2000000,166.0000000,71,53); //Tanker
AddStaticVehicle(515,-1532.6000000,-2754.3000000,49.7000000,172.0000000,148,157); //Roadtrain
AddStaticVehicle(532,-441.1000100,-1320.6000000,34.5000000,0.0000000,-1,-1); //Combine
AddStaticVehicle(532,-304.0996100,-1518.0996000,11.8000000,0.0000000,-1,-1); //Combine
AddStaticVehicle(531,-364.7999900,-1412.3000000,25.7000000,0.0000000,42,119); //Tractor
AddStaticVehicle(404,-379.5000000,-1414.3000000,25.6000000,0.0000000,43,62); //Perrenial
AddStaticVehicle(567,-366.5000000,-1440.7000000,25.7000000,0.0000000,15,106); //Savanna
AddStaticVehicle(405,-366.4940800,-1440.6794400,25.2265600,0.0000000,32,32); //Sentinel
