CreateObject(791,2468.3999000,-653.9000200,112.0000000,0.0000000,0.0000000,177.6090000,700.0); //object(vbg_fir_copse) (1)
CreateObject(791,2486.8000000,-625.0999800,107.0000000,0.0000000,0.0000000,177.6050000,700.0); //object(vbg_fir_copse) (2)
CreateObject(791,2479.3000000,-594.7000100,103.8000000,0.0000000,0.0000000,177.6050000,700.0); //object(vbg_fir_copse) (3)
CreateObject(791,2495.8999000,-684.0999800,103.1000000,0.0000000,0.0000000,177.6050000,700.0); //object(vbg_fir_copse) (4)
CreateObject(791,2471.1001000,-723.0999800,103.1000000,0.0000000,0.0000000,177.6050000,700.0); //object(vbg_fir_copse) (5)
CreateObject(791,2441.5000000,-699.2000100,103.1000000,0.0000000,0.0000000,165.6050000,700.0); //object(vbg_fir_copse) (6)
CreateObject(791,2408.8999000,-750.2999900,107.8000000,0.0000000,0.0000000,177.6020000,700.0); //object(vbg_fir_copse) (7)
CreateObject(791,2450.7000000,-771.2999900,102.3000000,0.0000000,0.0000000,189.5990000,700.0); //object(vbg_fir_copse) (8)
CreateObject(791,2435.7000000,-817.5999800,102.3000000,0.0000000,0.0000000,189.5970000,700.0); //object(vbg_fir_copse) (9)
CreateObject(791,2372.8000000,-830.2999900,102.3000000,0.0000000,0.0000000,189.5970000,700.0); //object(vbg_fir_copse) (10)
CreateObject(791,2363.8000000,-778.2000100,124.8000000,0.0000000,0.0000000,189.5970000,700.0); //object(vbg_fir_copse) (12)
CreateObject(791,2325.1001000,-802.2000100,119.8000000,0.0000000,0.0000000,189.5970000,700.0); //object(vbg_fir_copse) (13)
CreateObject(791,2274.6001000,-818.0999800,116.3000000,0.0000000,0.0000000,189.5970000,700.0); //object(vbg_fir_copse) (14)
CreateObject(791,2318.8999000,-844.2000100,113.6000000,0.0000000,0.0000000,189.5970000,700.0); //object(vbg_fir_copse) (15)
CreateObject(791,2341.6001000,-706.0999800,129.7000000,0.0000000,0.0000000,189.5970000,700.0); //object(vbg_fir_copse) (16)
CreateObject(791,2229.2000000,-537.5999800,112.3000000,0.0000000,0.0000000,237.5970000,700.0); //object(vbg_fir_copse) (17)
CreateObject(791,2367.2000000,-547.5999800,107.7000000,0.0000000,0.0000000,237.5960000,700.0); //object(vbg_fir_copse) (18)
CreateObject(791,2330.3999000,-591.9000200,124.8000000,0.0000000,0.0000000,237.5960000,700.0); //object(vbg_fir_copse) (19)
CreateObject(791,2438.3000000,-625.7999900,115.6000000,0.0000000,0.0000000,237.5960000,700.0); //object(vbg_fir_copse) (20)
CreateObject(791,2571.2000000,-403.0000000,70.9000000,0.0000000,0.0000000,237.5960000,700.0); //object(vbg_fir_copse) (21)
CreateObject(791,2561.3999000,-447.0000000,77.4000000,0.0000000,0.0000000,237.5960000,700.0); //object(vbg_fir_copse) (22)
CreateObject(791,2601.3999000,-479.2000100,77.9000000,0.0000000,0.0000000,237.5960000,700.0); //object(vbg_fir_copse) (23)
CreateObject(791,2513.2000000,-358.1000100,66.2000000,0.0000000,0.0000000,237.5960000,700.0); //object(vbg_fir_copse) (24)
CreateObject(791,2455.8999000,-426.8999900,62.4000000,0.0000000,0.0000000,237.5960000,700.0); //object(vbg_fir_copse) (25)
CreateObject(791,2497.2000000,-787.7000100,87.7000000,0.0000000,0.0000000,189.5970000,700.0); //object(vbg_fir_copse) (27)
CreateObject(694,2569.2000000,-802.0999800,82.2000000,0.0000000,0.0000000,16.4960000,700.0); //object(sm_redwoodgrp) (1)
CreateObject(694,2324.5000000,-636.5000000,128.8999900,0.0000000,0.0000000,254.4960000,700.0); //object(sm_redwoodgrp) (2)
CreateObject(694,2548.2998000,-777.2002000,90.9000000,0.0000000,0.0000000,114.4940000,700.0); //object(sm_redwoodgrp) (3)
CreateObject(694,2339.2000000,-626.0000000,133.3999900,0.0000000,0.0000000,292.4930000,700.0); //object(sm_redwoodgrp) (4)
CreateObject(694,2362.1001000,-678.2000100,133.3999900,0.0000000,0.0000000,292.4890000,700.0); //object(sm_redwoodgrp) (5)
CreateObject(791,2397.3999000,-585.0999800,108.7000000,0.0000000,0.0000000,211.5960000,700.0); //object(vbg_fir_copse) (29)
CreateObject(791,2431.7000000,-554.5000000,97.7000000,0.0000000,0.0000000,211.5910000,700.0); //object(vbg_fir_copse) (30)
CreateObject(791,2499.3000000,-478.7000100,81.9000000,0.0000000,0.0000000,227.5910000,700.0); //object(vbg_fir_copse) (31)
CreateObject(791,2547.8000000,-498.7000100,81.9000000,0.0000000,0.0000000,227.5870000,700.0); //object(vbg_fir_copse) (32)
CreateObject(791,2640.5000000,-514.0000000,68.9000000,0.0000000,0.0000000,227.5870000,700.0); //object(vbg_fir_copse) (33)
CreateObject(791,2413.5000000,-358.7000100,55.7000000,0.0000000,0.0000000,171.5960000,700.0); //object(vbg_fir_copse) (34)
CreateObject(791,2317.7002000,-666.2998000,129.7000000,0.0000000,0.0000000,237.5960000,700.0); //object(vbg_fir_copse) (35)
CreateObject(791,2173.6001000,-568.0999800,120.6000000,0.0000000,0.0000000,237.5960000,700.0); //object(vbg_fir_copse) (36)
CreateObject(791,2153.8999000,-542.5000000,120.6000000,0.0000000,0.0000000,237.5960000,700.0); //object(vbg_fir_copse) (37)
CreateObject(791,2117.3999000,-549.5999800,120.6000000,0.0000000,0.0000000,301.5960000,700.0); //object(vbg_fir_copse) (38)
CreateObject(791,2125.8999000,-742.7999900,91.3000000,0.0000000,0.0000000,301.5910000,700.0); //object(vbg_fir_copse) (39)
CreateObject(791,1812.7000000,-538.2999900,68.8000000,0.0000000,0.0000000,241.5910000,700.0); //object(vbg_fir_copse) (40)
CreateObject(791,1983.7000000,-700.0000000,102.3000000,0.0000000,0.0000000,241.5890000,700.0); //object(vbg_fir_copse) (41)
CreateObject(791,1922.1000000,-679.0999800,92.3000000,0.0000000,0.0000000,285.5890000,700.0); //object(vbg_fir_copse) (42)
CreateObject(18267,2047.8000000,-489.7000100,72.3000000,0.0000000,0.0000000,178.0000000,700.0); //object(logcabinn) (1)
CreateObject(18609,2041.7000000,-500.7999900,73.2000000,0.0000000,0.0000000,272.5000000,700.0); //object(cs_logs06) (1)
CreateObject(18609,2041.8000000,-502.6000100,73.4000000,0.0000000,0.0000000,272.4990000,700.0); //object(cs_logs06) (2)
CreateObject(18609,2041.8000000,-502.0000000,74.0000000,0.0000000,0.0000000,272.4990000,700.0); //object(cs_logs06) (3)
CreateObject(18609,2041.8000000,-503.3999900,73.8000000,0.0000000,0.0000000,272.4990000,700.0); //object(cs_logs06) (4)
CreateObject(791,2081.0000000,-692.4003900,88.3000000,0.0000000,0.0000000,241.5890000,700.0); //object(vbg_fir_copse) (43)
CreateObject(791,1804.0000000,-500.8999900,68.8000000,0.0000000,0.0000000,241.5890000,700.0); //object(vbg_fir_copse) (44)
CreateObject(791,1919.2000000,-345.6000100,9.3000000,0.0000000,0.0000000,241.5890000,700.0); //object(vbg_fir_copse) (45)
CreateObject(791,1798.7998000,-421.5000000,68.8000000,0.0000000,0.0000000,241.5890000,700.0); //object(vbg_fir_copse) (46)
CreateObject(791,1914.3000000,-390.6000100,11.6000000,0.0000000,0.0000000,283.5890000,700.0); //object(vbg_fir_copse) (47)
CreateObject(791,1906.0000000,-437.7999900,11.6000000,0.0000000,0.0000000,343.5850000,700.0); //object(vbg_fir_copse) (48)
CreateObject(791,1920.5000000,-474.5000000,11.6000000,0.0000000,0.0000000,343.5810000,700.0); //object(vbg_fir_copse) (49)
CreateObject(791,1881.7000000,-492.1000100,18.1000000,0.0000000,0.0000000,343.5810000,700.0); //object(vbg_fir_copse) (50)
CreateObject(791,1909.8000000,-517.7000100,14.4000000,0.0000000,0.0000000,343.5810000,700.0); //object(vbg_fir_copse) (51)
CreateObject(791,1883.0000000,-565.5999800,13.9000000,0.0000000,0.0000000,353.5810000,700.0); //object(vbg_fir_copse) (52)
CreateObject(791,1956.9000000,-587.7000100,18.4000000,0.0000000,0.0000000,343.5810000,700.0); //object(vbg_fir_copse) (53)
CreateObject(791,1924.4000000,-605.4000200,24.9000000,0.0000000,0.0000000,343.5810000,700.0); //object(vbg_fir_copse) (54)
CreateObject(791,1947.2000000,-373.2000100,16.4000000,0.0000000,0.0000000,283.5850000,700.0); //object(vbg_fir_copse) (55)
CreateObject(791,1955.8000000,-324.0000000,7.4000000,0.0000000,0.0000000,283.5850000,700.0); //object(vbg_fir_copse) (56)
CreateObject(791,2022.1000000,-304.1000100,7.2000000,0.0000000,0.0000000,283.5850000,700.0); //object(vbg_fir_copse) (57)
CreateObject(791,2098.0000000,-285.8999900,16.3000000,0.0000000,0.0000000,283.5850000,700.0); //object(vbg_fir_copse) (58)
CreateObject(791,1923.2000000,-297.6000100,3.3000000,0.0000000,0.0000000,283.5850000,700.0); //object(vbg_fir_copse) (59)
CreateObject(791,2225.0000000,-643.0999800,102.7000000,0.0000000,0.0000000,301.5910000,700.0); //object(vbg_fir_copse) (60)
CreateObject(3276,2380.7000000,-619.5000000,124.8000000,0.0000000,4.7500000,0.0000000,700.0); //object(cxreffencesld) (1)
CreateObject(3276,2369.2000000,-619.5999800,125.6000000,0.0000000,4.7460000,0.0000000,700.0); //object(cxreffencesld) (2)
CreateObject(3276,2357.6001000,-619.5000000,126.6000000,0.0000000,4.7460000,0.0000000,700.0); //object(cxreffencesld) (3)
CreateObject(3276,2346.2000000,-619.5000000,127.5000000,0.0000000,4.7460000,0.0000000,700.0); //object(cxreffencesld) (4)
CreateObject(3276,2334.8999000,-619.5999800,128.7000000,0.0000000,7.9960000,0.0000000,700.0); //object(cxreffencesld) (5)
CreateObject(3276,2386.3000000,-625.2999900,125.0000000,0.0000000,6.7460000,88.0000000,700.0); //object(cxreffencesld) (6)
CreateObject(3276,2383.8000000,-636.0999800,126.3000000,0.0000000,6.7460000,65.9950000,700.0); //object(cxreffencesld) (7)
CreateObject(3276,2367.7000000,-671.9000200,129.8999900,0.0000000,8.7460000,0.0000000,700.0); //object(cxreffencesld) (8)
CreateObject(3276,2356.5000000,-671.7999900,131.7000000,0.0000000,8.7450000,0.0000000,700.0); //object(cxreffencesld) (9)
CreateObject(3276,2346.1001000,-674.5999800,133.2000000,0.0000000,6.7450000,30.0000000,700.0); //object(cxreffencesld) (10)
CreateObject(3276,2329.0000000,-625.2000100,130.5000000,0.0000000,10.7460000,87.9950000,700.0); //object(cxreffencesld) (11)
CreateObject(3276,2328.6001000,-636.4000200,131.8000000,0.0000000,1.4950000,87.9900000,700.0); //object(cxreffencesld) (12)
CreateObject(3286,2360.7002000,-654.0996100,131.8000000,0.0000000,0.0000000,0.0000000,700.0); //object(cxrf_watertwr) (1)
CreateObject(16404,1934.7000000,-538.7999900,19.6000000,0.0000000,0.0000000,0.0000000,700.0); //object(desn2_hutskel2) (1)
CreateObject(12990,1949.0000000,-255.6000100,1.1000000,0.0000000,0.0000000,172.0800000,700.0); //object(sw_jetty) (1)
CreateObject(9361,2149.8999000,-96.8000000,4.2000000,0.0000000,0.0000000,176.0000000,700.0); //object(boatoffice_sfn) (1)
CreateObject(16305,2279.3999000,-821.5000000,35.1000000,0.0000000,0.0000000,0.0000000,700.0); //object(des_gravelpile06) (1)
CreateObject(1829,2048.3000000,-483.6000100,72.8000000,0.0000000,0.0000000,0.0000000,700.0); //object(man_safenew) (1)
CreateObject(1829,2351.3000000,-646.9000200,127.5000000,0.0000000,0.0000000,0.0000000,700.0); //object(man_safenew) (2)
CreateObject(1829,1542.2000000,20.9000000,23.6000000,0.0000000,0.0000000,10.0000000,700.0); //object(man_safenew) (3)
CreateObject(1829,2150.8999000,-99.4000000,2.3000000,0.0000000,0.0000000,220.0000000,700.0); //object(man_safenew) (4)
CreateObject(1800,2149.8000000,-100.8000000,1.6000000,0.0000000,0.0000000,41.0000000,700.0); //object(low_bed_1) (1)
CreateObject(1800,2049.5000000,-497.2000100,72.3000000,0.0000000,0.0000000,84.9950000,700.0); //object(low_bed_1) (2)
CreateObject(1800,2353.2000000,-643.9000200,127.2000000,0.0000000,0.0000000,86.9900000,700.0); //object(low_bed_1) (3)
CreateObject(16404,2351.2000000,-642.9000200,129.2000000,0.0000000,0.0000000,0.0000000,700.0); //object(desn2_hutskel2) (2)
CreateObject(1796,1570.2000000,31.0000000,23.2000000,0.0000000,0.0000000,96.0000000,700.0); //object(low_bed_4) (1)