	AddStaticVehicle(460,-619.4000200,1942.0000000,2.3000000,163.9980000,245,245); //Skimmer
	AddStaticVehicle(460,-633.9000200,1885.2000000,2.3000000,163.9980000,245,245); //Skimmer
	AddStaticVehicle(460,-811.5999800,1971.2000000,2.3000000,283.9980000,245,245); //Skimmer
	AddStaticVehicle(460,-811.7998000,1953.5996000,2.3000000,275.9930000,245,245); //Skimmer
	AddStaticVehicle(460,-809.0999800,1933.6000000,2.3000000,281.9930000,245,245); //Skimmer
	AddStaticVehicle(473,-795.5999800,1815.3000000,0.0000000,0.0000000,158,164); //Dinghy
	AddStaticVehicle(473,-614.5000000,1806.8000000,0.0000000,76.0000000,158,164); //Dinghy
	AddStaticVehicle(470,-523.7999900,1966.0000000,60.4000000,0.0000000,95,10); //Patriot
	AddStaticVehicle(470,-514.7000100,1965.8000000,61.0000000,14.0000000,95,10); //Patriot
	AddStaticVehicle(404,-915.7999900,1996.9000000,60.7000000,312.0000000,31,37); //Perrenial
	AddStaticVehicle(404,-909.2999900,2020.3000000,60.7000000,135.9950000,31,37); //Perrenial
	AddStaticVehicle(489,-902.4000200,2012.9000000,61.3000000,131.7500000,89,110); //Rancher
	AddStaticVehicle(513,291.1346,2535.5850,17.3778,180.2974,21,36);// Stuntplane
	AddStaticVehicle(512,324.4324,2535.6506,17.5121,181.8785,89,91);// Cropduster
	AddStaticVehicle(476,403.6754,2456.9727,16.7825,357.7751,15,123);// Rustler
	AddStaticVehicle(417,364.4265,2535.2258,16.7616,143.5451,0,0);// Leviathan
	AddStaticVehicle(586,423.4558,2541.1025,15.9887,339.6539,10,1);// Wayfarer
	AddStaticVehicle(543,385.2093,2603.5049,16.3080,192.7106,67,8);// Sadler
	AddStaticVehicle(468,383.9264,2590.5933,16.1533,275.5223,46,46);// Sanchez
	AddStaticVehicle(473,260.6835,2936.9685,0.1290,358.4063,56,53);// Dinghy
	AddStaticVehicle(586,-237.9596,2595.8259,62.2231,181.1165,122,1);// Wayfarer
	AddStaticVehicle(468,-146.0389,2681.6436,62.0454,272.4597,46,46);// Sanchez
	AddStaticVehicle(429,-213.1005,2609.1829,62.3828,359.8650,13,13);// Banshee
	AddStaticVehicle(600,-201.2879,2594.7170,62.4220,1.1029,32,8);// Picador
	AddStaticVehicle(489,-270.6937,2675.0889,62.7954,251.3489,14,123);// Rancher
	AddStaticVehicle(471,-165.8631,2715.0740,61.9532,88.0077,103,111);// Quad
	AddStaticVehicle(420,-208.3269,2723.9990,62.4695,267.2648,6,1);// Taxi
	AddStaticVehicle(489,-290.5132,2721.2917,62.4475,181.4169,112,120);// Rancher
	AddStaticVehicle(463,-322.7055,2671.4551,62.2949,179.9792,79,79);// Freeway
	AddStaticVehicle(489,-303.7003,2683.5918,62.7898,180.7489,120,123);// Rancher
	AddStaticVehicle(468,-255.1318,2766.75,61.9963,181.5453,3,3);// Sanchez
	AddStaticVehicle(604,-171.7224,2759.3877,62.4067,24.1882,2,76);// Glendale (Shit)
	AddStaticVehicle(424,-17.3881,2355.6077,23.8879,143.4369,3,2);// BF Injection
	AddStaticVehicle(470,304.7515,1839.3784,17.5989,336.0933,43,0);// Patriot
	AddStaticVehicle(433,301.7500,1863.8750,18.0533,360.0000,43,0);// Barracks
	AddStaticVehicle(548,296.0859,1925.9017,19.3104,236.2604,1,1);// Cargobob
	AddStaticVehicle(548,314.9759,2046.6259,19.2481,157.8634,1,1);// Cargobob
	AddStaticVehicle(548,350.5939,1984.1194,19.3047,92.2205,1,1);// Cargobob
	AddStaticVehicle(470,282.3898,1955.3890,17.6341,270.8638,43,0);// Patriot
	AddStaticVehicle(543,-210.2042,2609.1667,62.5216,181.2800,32,8);// Sadler
	AddStaticVehicle(482,-528.5228,2571.3865,53.5349,269.2740,32,32);// Burrito
	AddStaticVehicle(424,-527.7629,2604.1191,53.1937,271.2167,2,2);// BF Injection
	AddStaticVehicle(411,-519.1963,2617.6292,53.1448,90.1552,64,1);// Infernus
	AddStaticVehicle(600,-421.8827,2225.4055,42.0774,180.3449,8,90);// Picador
	AddStaticVehicle(568,-363.7965,2215.8901,42.3509,72.2219,9,39);// Bandito
	AddStaticVehicle(568,-366.0048,2213.4297,42.3455,69.9285,17,1);// Bandito
	AddStaticVehicle(471,-399.0436,2252.6685,41.8178,300.8135,120,112);// Quad
	AddStaticVehicle(461,-301.5291,1777.7788,42.2720,92.8800,37,1);// PCJ-600
	AddStaticVehicle(468,-290.4525,1746.2904,42.3604,91.2906,3,3);// Sanchez
	AddStaticVehicle(508,-302.0461,1755.6252,43.0626,271.1350,1,1);// Journey
	AddStaticVehicle(568,-162.9634,1673.1277,14.4768,202.5489,21,1);// Bandito
	AddStaticVehicle(508,-285.4013,1562.1003,75.7344,137.1875,1,1);// Journey
	AddStaticVehicle(468,-307.6941,1556.6575,75.0275,45.6280,46,46);// Sanchez
	AddStaticVehicle(424,-299.3567,1577.7837,75.1395,313.4809,3,2);// BF Injection
	AddStaticVehicle(478,-336.6758,1514.6866,75.3520,180.0568,45,1);// Walton
	AddStaticVehicle(495,-359.6404,1596.7112,77.3610,356.9484,115,43);// Sandking
	AddStaticVehicle(477,-333.5037,1515.0670,75.1135,180.8090,94,1);// ZR-350
	AddStaticVehicle(421,-291.1455,1308.1112,53.8199,82.9306,71,72);// Washington
	AddStaticVehicle(581,-291.5828,1293.2133,53.2624,258.5006,58,1);// BF-400
	AddStaticVehicle(403,-290.1071,1317.4010,55.3024,262.6769,24,77);// Linerunner
	AddStaticVehicle(433,277.9318,2020.2458,18.0773,271.3422,43,0);// Barracks
	AddStaticVehicle(433,277.5226,2025.6991,18.0772,270.0389,43,0);// Barracks
	AddStaticVehicle(470,183.5019,1930.6356,17.8497,181.7918,43,0);// Patriot
	AddStaticVehicle(470,270.1317,1830.0344,17.6344,143.8543,43,0);// Patriot
	AddStaticVehicle(470,121.0928,1926.0619,19.0886,306.0423,43,0);// Patriot
	AddStaticVehicle(470,103.0628,1914.8339,18.3727,40.8428,43,0);// Patriot
	AddStaticVehicle(468,140.1879,1893.0078,18.0574,274.7855,6,6);// Sanchez
	AddStaticVehicle(468,136.2435,1892.8341,18.0553,270.1823,46,46);// Sanchez
	AddStaticVehicle(470,134.6078,1849.7643,17.6816,91.4023,43,0);// Patriot
	AddStaticVehicle(433,301.8881,1877.5836,18.0772,359.7517,43,0);// Barracks
	AddStaticVehicle(548,359.2137,1913.9470,19.2744,133.3756,1,1);// Cargobob
	AddStaticVehicle(586,-89.7496,1365.3422,9.7936,285.2903,10,1);// Wayfarer
	AddStaticVehicle(466,-85.4119,1340.1921,10.5036,7.1843,68,76);// Glendale
	AddStaticVehicle(468,9.3781,1377.7744,8.8402,294.2037,6,6);// Sanchez
	AddStaticVehicle(422,833.7327,840.1547,11.8228,24.4117,101,25);// Bobcat
	AddStaticVehicle(543,830.2897,838.6003,11.3841,23.9283,43,8);// Sadler
	AddStaticVehicle(468,827.4531,860.1788,12.0124,109.8286,46,46);// Sanchez
	AddStaticVehicle(422,836.8755,842.0146,12.0941,26.4861,111,31);// Bobcat
	AddStaticVehicle(468,580.7761,864.2721,-43.7228,275.0642,53,53);// Sanchez
	AddStaticVehicle(468,631.1497,894.8027,-43.2460,149.4182,3,3);// Sanchez
	AddStaticVehicle(543,683.0380,839.5352,-43.1469,55.1710,67,8);// Sadler
	AddStaticVehicle(543,576.0908,872.8019,-43.8402,181.5102,8,90);// Sadler
	AddStaticVehicle(554,486.3824,859.6133,-29.9394,199.5197,45,32);// Yosemite
	AddStaticVehicle(468,325.5537,854.3142,20.0746,292.9197,46,46);// Sanchez
	AddStaticVehicle(422,374.6481,870.9434,20.3944,29.1111,67,59);// Bobcat
	AddStaticVehicle(554,368.3893,869.1057,20.4881,353.6958,34,30);// Yosemite
	AddStaticVehicle(468,446.0428,914.1238,-8.4729,4.2421,3,3);// Sanchez
	AddStaticVehicle(408,-82.4225,1133.9078,20.2849,89.4278,26,26);// Trashmaster
	AddStaticVehicle(600,-140.4019,1132.2213,19.4622,166.3078,43,8);// Picador
	AddStaticVehicle(402,-177.5177,1219.8247,19.5739,89.4745,13,13);// BUffalo
	AddStaticVehicle(478,-247.5334,1183.9092,19.7249,89.9570,59,1);// Walton
	AddStaticVehicle(420,-131.1938,1216.3356,19.5211,273.1837,6,1);// Taxi
	AddStaticVehicle(463,-86.8976,1222.4147,19.2826,1.5395,84,84);// Freeway
	AddStaticVehicle(475,-34.2045,1166.1117,19.2470,180.8655,9,39);// Sabre
	AddStaticVehicle(479,-14.0528,1219.9521,19.1505,180.8122,59,36);// Regina
	AddStaticVehicle(508,5.5720,1164.8835,19.9813,180.1032,1,1);// Journey
	AddStaticVehicle(546,70.3248,1218.6127,18.5363,344.9671,78,38);// Intruder
	AddStaticVehicle(554,59.3390,1157.9760,18.7484,180.9685,15,32);// Yosemite
	AddStaticVehicle(600,92.6611,1173.9310,18.3813,90.7633,11,11);// Picador
	AddStaticVehicle(543,-30.8094,1083.9031,19.5579,1.1170,32,8);// Sadler
	AddStaticVehicle(468,-22.2045,1123.5083,19.4094,176.0903,46,46);// Sanchez
	AddStaticVehicle(403,-159.1066,1060.1151,20.6254,0.9132,62,77);// Linerunner
	AddStaticVehicle(599,-224.1936,992.7146,19.7456,270.4413,0,1);// Police Ranger
	AddStaticVehicle(599,-224.8071,998.3138,19.7815,274.7940,0,1);// Police Ranger
	AddStaticVehicle(416,-303.5811,1036.1851,19.7425,270.8693,1,3);// Ambulance
	AddStaticVehicle(416,-305.4525,1028.0148,19.7435,90.5686,1,3);// Ambulance
	AddStaticVehicle(543,-304.5286,1015.9146,19.4150,271.5633,67,8);// Sadler
	AddStaticVehicle(401,-305.0732,1019.7994,19.3733,272.2266,66,66);// Bravura
	AddStaticVehicle(471,-255.7188,1059.0928,19.2251,123.9210,120,114);// Quad
	AddStaticVehicle(542,-353.3448,1160.9194,19.4856,208.7233,24,118);// Clover
	AddStaticVehicle(489,-369.5547,1127.0491,19.9030,88.9193,14,123);// Rancher
	AddStaticVehicle(478,-314.7126,1175.3938,19.7328,359.4184,35,1);// Walton
	AddStaticVehicle(468,-2.8215,943.7739,19.2857,266.8889,3,3);// Sanchez
	AddStaticVehicle(600,13.2779,904.8585,23.3526,188.5502,43,8);// Picador
	AddStaticVehicle(421,-43.5167,892.9460,22.0018,142.2973,71,72);// Washington
	AddStaticVehicle(463,-330.2067,827.7351,13.7821,359.8963,53,53);// Freeway
	AddStaticVehicle(482,-288.9207,833.3483,13.2276,94.7101,32,32);// Burrito
	AddStaticVehicle(525,594.1296,1239.8491,11.5960,43.6646,17,20);// Tow Truck
	AddStaticVehicle(403,582.1791,1215.0780,12.8863,211.4348,39,78);// Linerunner
	AddStaticVehicle(543,575.5624,1209.5081,12.1971,211.3290,76,8);// Sadler
	AddStaticVehicle(554,484.7194,1381.9646,4.7876,235.2010,14,32);// Yosemite
	AddStaticVehicle(543,197.9468,1415.4565,10.4055,91.7165,67,8);// Sadler
	AddStaticVehicle(500,195.0309,1465.7158,10.6965,270.6187,25,119);// Mesa
	AddStaticVehicle(468,253.7791,1424.7091,10.2522,90.4512,53,53);// Sanchez
	AddStaticVehicle(586,650.1385,1702.9343,6.5119,313.6105,10,1);// Wayfarer
	AddStaticVehicle(567,658.5644,1721.3257,6.8587,221.6448,88,64);// Savanna
	AddStaticVehicle(586,651.9063,1700.9137,6.5111,313.4966,13,1);// Wayfarer
	AddStaticVehicle(411,608.4836,1699.7764,6.7211,304.8487,64,1);// Infernus
	AddStaticVehicle(411,612.1846,1694.9164,6.7193,304.3299,80,1);// Infernus
	AddStaticVehicle(403,600.2841,1651.9192,7.5816,243.8007,25,1);// Linerunner
	AddStaticVehicle(435,605.6486,1655.4606,7.5724,64.8614,28,1);// MODEL 435
	AddStaticVehicle(450,635.8098,1225.5219,12.7302,122.5696,62,77);// MODEL 450
	AddStaticVehicle(567,686.5157,1946.5956,5.4101,359.8968,93,64);// Savanna
	AddStaticVehicle(401,706.4429,1947.4441,5.3187,180.8680,52,52);// Bravura
	AddStaticVehicle(463,721.6701,1948.3236,5.0788,359.9206,84,84);// Freeway
	AddStaticVehicle(463,726.7943,1948.3790,5.0792,4.4732,11,11);// Freeway
	AddStaticVehicle(478,755.5939,1967.2079,5.3298,282.8079,20,1);// Walton
	AddStaticVehicle(468,768.3365,2012.5627,5.5681,262.9368,6,6);// Sanchez
	AddStaticVehicle(554,768.9951,2089.9961,6.8011,350.1155,15,32);// Yosemite
	AddStaticVehicle(543,-36.5703,2343.9338,23.9552,88.5315,76,8);// Sadler
	AddStaticVehicle(568,-267.6664,2085.4219,28.2351,247.1185,21,1);// Bandito
	AddStaticVehicle(461,228.3988,2545.1191,16.2295,196.5723,43,1);// PCJ-600
	AddStaticVehicle(487,382.8607,2535.8291,16.7153,213.0074,29,42);// Maverick
	AddStaticVehicle(586,524.6804,2367.6975,29.8994,150.4217,8,1);// Wayfarer
	AddStaticVehicle(586,521.0600,2369.9216,29.8828,149.7267,25,1);// Wayfarer
	AddStaticVehicle(475,528.7834,2366.8169,30.2135,192.6022,17,1);// Sabre
	AddStaticVehicle(473,-483.4696,2180.5840,40.2966,179.7985,56,53);// Dinghy
	AddStaticVehicle(473,-483.3937,2187.7937,40.3838,179.0521,56,15);// Dinghy
	AddStaticVehicle(568,-186.4468,1861.0107,51.1178,240.6369,56,29);// Bandito
	AddStaticVehicle(568,-167.0720,1672.7179,14.8377,174.3531,9,39);// Bandito
	AddStaticVehicle(508,64.9485,968.3702,16.9385,271.0810,1,1);// Journey
	AddStaticVehicle(429,168.0688,1182.8462,14.4375,171.1509,14,14);// Banshee
	AddStaticVehicle(586,180.4965,1170.9260,14.2779,57.3350,10,1);// Wayfarer
	AddStaticVehicle(424,309.9406,1152.2440,8.3663,92.8471,24,53);// BF Injection
	AddStaticVehicle(543,394.3825,1148.7456,8.4119,247.3248,32,8);// Sadler
	AddStaticVehicle(468,408.5380,1169.1869,7.5731,270.9850,6,6);// Sanchez
	AddStaticVehicle(549,418.7980,1164.1499,7.5854,270.0799,72,39);// Tampa
	AddStaticVehicle(605,-130.1386,2244.4834,31.9744,169.1918,0,0);// Sadler Shit
	AddStaticVehicle(524,687.0164,895.0749,-38.5860,78.9521,61,27);// Cement Truck
	AddStaticVehicle(525,596.8069,872.9095,-43.2350,185.6433,18,20);// Tow Truck
	AddStaticVehicle(468,-735.1237,2755.1318,46.8951,266.4757,46,46);// Sanchez
	AddStaticVehicle(478,-767.0835,2758.8774,45.7563,358.3536,66,1);// Walton
	AddStaticVehicle(479,-784.2089,2753.3965,45.4415,269.4912,59,36);// Regina
	AddStaticVehicle(468,-866.5963,2767.2468,45.6691,269.6088,53,53);// Sanchez
	AddStaticVehicle(482,-844.1183,2753.1841,45.9700,271.7795,64,64);// Burrito
	AddStaticVehicle(460,-943.4880,2640.3840,42.2746,216.3266,1,9);// Skimmer
	AddStaticVehicle(599,-1400.0967,2631.6567,55.9455,89.9378,0,1);// Ranger
	AddStaticVehicle(599,-1408.4203,2656.5623,55.8772,359.9003,0,1);// Police Ranger
	AddStaticVehicle(600,-1399.9004,2644.0771,55.3996,88.6644,11,11);// Picador
	AddStaticVehicle(489,-1445.9099,2629.4878,55.9792,68.1607,14,123);// Rancher
	AddStaticVehicle(471,-1447.7238,2645.5598,55.3170,254.0852,74,91);// Quad
	AddStaticVehicle(468,-1474.1904,2702.0869,55.4260,157.1582,53,53);// Sanchez
	AddStaticVehicle(496,-1478.3545,2650.0291,55.5523,0.1259,66,72);// Blista Compact
	AddStaticVehicle(522,-1280.2207,2719.3792,49.6274,119.8673,3,8);// NRG-500
	AddStaticVehicle(443,-1296.2134,2713.6497,50.6959,5.7505,20,1);// Packer
	AddStaticVehicle(403,-1329.1465,2671.8989,50.6692,262.2381,37,1);// Linerunner
	AddStaticVehicle(435,-1307.8534,2705.8735,49.6342,184.4975,3,8);// Trailer (MODELID 435)
	AddStaticVehicle(468,-662.1753,2305.8408,135.7179,90.3149,53,53);// Sanchez
	AddStaticVehicle(531,-778.7887,2420.9666,157.0897,144.8344,36,2);// Tractor
	AddStaticVehicle(554,-809.7922,2406.8044,156.3750,191.0582,15,32);// Yosemite
	AddStaticVehicle(519,1328.6196,1612.2500,11.7437,270.0001,1,1);// SA Shamal
	AddStaticVehicle(593,1352.1102,1779.0000,11.2880,270.0000,2,1);// SA Dodo
	AddStaticVehicle(593,1352.1116,1801.5000,11.2863,269.9999,36,8);// SA Dodo
	AddStaticVehicle(522,1676.4335,1322.1592,10.3320,87.7189,7,79);// Hidden NRG
	AddStaticVehicle(417,1286.8724,1449.6250,10.8722,270.0000,0,0);// SA Livathan
	AddStaticVehicle(553,1571.4385,1487.7513,12.1685,311.1577,71,87);// Nevada 1
	AddStaticVehicle(553,1597.4109,1342.6935,12.1865,344.8449,71,87);// Nevada 2
	AddStaticVehicle(487,1655.0576,1554.5649,10.9879,64.4211,26,3);// Maverick 1
	AddStaticVehicle(487,1397.5690,1770.0475,10.9971,269.3060,26,3);// Maverick 2
	AddStaticVehicle(487,1618.4143,1357.5428,10.9893,169.4555,26,3);// Maverick 3
	AddStaticVehicle(469,1358.1189,1253.5436,10.8285,358.5788,1,3);// Sparrow 1
	AddStaticVehicle(609,1341.5886,1729.4564,10.8864,91.6428,36,36);// Boxville by a hanger
	AddStaticVehicle(519,1303.7971,1360.9348,11.7405,267.7907,1,1);// Shamal 2
	AddStaticVehicle(511,1341.3031,1682.6432,12.1967,268.5870,3,90);// Beagle
	AddStaticVehicle(512,1326.1611,1420.4333,11.1030,178.1441,17,39);// Cropduster
	AddStaticVehicle(513,1280.1281,1411.8032,11.3653,223.4432,48,18);// Stunt plane
	AddStaticVehicle(515,1573.4801,1654.4058,11.8422,91.4976,24,77);// Roadtrain 1b
	AddStaticVehicle(435,1554.5338,1669.4784,11.4542,180.0,1,1);// Trailer 1 - 180
	AddStaticVehicle(435,1581.9742,1664.0665,11.4526,180.0,1,1);// Trailer 2 - 180
	AddStaticVehicle(404,1309.7848,1279.5735,10.5544,359.2681,101,101);// Perennial
	AddStaticVehicle(411,1682.5769,1316.6561,10.5474,358.3994,123,1);// Infernus in Carpark
	AddStaticVehicle(436,1663.4026,1297.1321,10.5877,359.4867,83,1);// wtf is a previon?
	AddStaticVehicle(439,1642.0035,1293.2332,10.7156,268.6615,54,38);// Carpark Stallion
	AddStaticVehicle(462,1713.8118,1319.2559,10.4165,268.4222,2,1);// faggio
	AddStaticVehicle(474,1695.4330,1306.1843,10.5853,179.3891,110,1);// Harmes (maybe)
	AddStaticVehicle(480,1682.4532,1286.9058,10.5945,179.2040,6,6);// Comet
	AddStaticVehicle(420,1723.8730,1501.4979,10.5187,167.0140,6,1);// Taxi out front
	AddStaticVehicle(420,1712.5610,1461.2471,10.5375,162.1933,6,1);// Taxi out front
	AddStaticVehicle(420,1707.1067,1437.8787,10.4501,182.4505,6,1);// Taxi out front
	AddStaticVehicle(438,1717.6479,1479.1417,10.7440,163.7234,6,76);// Taxi out front
	AddStaticVehicle(438,1707.2537,1415.7250,10.5640,189.8016,6,76);// Taxi out front
	AddStaticVehicle(437,1719.1062,1381.2042,10.6256,197.7497,123,20);// bus out front
	AddStaticVehicle(485,1537.6528,1211.1794,10.4701,0.8908,1,79);// baggage
	AddStaticVehicle(592,1340.5055,1495.6396,12.0169,270.7770,1,1);// Andromeda
	AddStaticVehicle(485,1353.3430,1642.0271,10.4825,175.0001,1,76);// baggage 1
	AddStaticVehicle(422,1325.3158,1278.7190,10.8037,180.6936,101,25);// bobcat
	AddStaticVehicle(505,1282.6981,1304.3754,10.9647,82.8840,76,102);// rancher
	AddStaticVehicle(407,1282.0891,1477.3781,11.0577,244.1416,3,1);// fire 1
	AddStaticVehicle(407,1312.9038,1580.9365,11.0562,272.9746,3,1);// fire 2
	AddStaticVehicle(409,1944.0602,1346.0486,8.9093,180.2598,0,0);// Limo
	AddStaticVehicle(409,1944.3724,1335.7693,8.9094,178.7635,1,1);// Limo
	AddStaticVehicle(409,2039.6443,1008.3372,10.4717,178.7756,0,0);// Limo
	AddStaticVehicle(409,2108.1514,1440.6624,10.6203,268.1557,0,0);// Limo
	AddStaticVehicle(409,2176.3467,1676.1738,10.6203,179.9265,1,1);// Limo
	AddStaticVehicle(409,2035.1099,1917.6454,11.9762,180.5781,1,1);// Limo
	AddStaticVehicle(587,2075.4963,1490.6589,10.3973,0.9207,10,10);// Euros
	AddStaticVehicle(451,2148.8706,1398.3688,10.5208,359.6848,78,78);// Turismo 
	AddStaticVehicle(558,2132.6252,1409.2678,10.4506,180.3099,36,1);// Uranus
	AddStaticVehicle(420,2039.7207,1335.4227,10.4504,178.9215,-1,-1);// Taxi
	AddStaticVehicle(420,2159.9783,1687.9427,10.5331,15.7070,-1,-1);// Taxi
	AddStaticVehicle(420,2217.6040,1838.1331,10.5980,180.3272,-1,-1);// Taxi
	AddStaticVehicle(420,2040.1990,1344.9268,10.4492,178.6027,-1,-1);// Taxi
	AddStaticVehicle(562,2039.9257,1019.8728,10.3308,179.7790,33,33);// Elegy
	AddStaticVehicle(562,1881.7867,964.0424,10.4797,89.3165,33,33);// 
	AddStaticVehicle(562,1881.5303,991.9349,10.4789,88.5594,33,33);// 
	AddStaticVehicle(562,1881.8263,1035.1031,10.4788,90.5642,33,33);// 
	AddStaticVehicle(562,1882.0393,1054.4159,10.4798,90.3892,33,33);// 
	AddStaticVehicle(543,1665.9182,900.6049,10.6179,154.1468,66,84);// 
	AddStaticVehicle(561,1655.6388,999.3278,10.6343,1.6394,112,112);// 
	AddStaticVehicle(516,1677.3665,988.1376,10.6021,359.7391,16,16);// 
	AddStaticVehicle(411,1889.2765,1934.0405,13.5119,180.0616,4,4);// 
	AddStaticVehicle(422,2791.8364,1997.4441,10.8079,358.2167,8,10);// 
	AddStaticVehicle(402,2812.9854,2026.3202,10.5870,181.2861,46,46);// 
	AddStaticVehicle(401,2822.0801,2169.3892,10.5975,270.8597,59,59);// 
	AddStaticVehicle(402,2582.8459,2271.9075,10.6526,89.7938,58,58);// 
	AddStaticVehicle(561,2764.5786,1281.6991,10.4819,91.0993,72,72);// 
	AddStaticVehicle(405,2782.1956,1295.4828,10.6250,179.4644,65,65);// 
	AddStaticVehicle(414,2624.3726,1104.1190,10.8045,269.3916,101,101);// 
	AddStaticVehicle(463,2437.9824,2060.0774,10.3605,321.5250,66,66);// 
	AddStaticVehicle(463,2439.4592,2059.3762,10.3573,317.0827,125,125);// 
	AddStaticVehicle(463,2436.2813,2060.5950,10.3597,324.4647,70,70);// 
	AddStaticVehicle(533,2444.2742,1990.9354,10.5294,359.2699,83,83);// 
	AddStaticVehicle(480,2458.2346,1992.2141,10.5043,180.6471,92,92);// 
	AddStaticVehicle(482,2170.9219,1981.6818,10.8809,90.0917,52,52);// 
	AddStaticVehicle(402,2231.9128,1277.3851,10.5745,1.2022,22,22);// 
	AddStaticVehicle(451,2182.8376,1287.8752,10.4708,180.3702,123,1);// 
	AddStaticVehicle(415,2171.9434,1118.7880,12.3942,333.4859,36,1);// 
	AddStaticVehicle(429,2141.7615,1022.6919,10.5000,90.9348,13,13);// 
	AddStaticVehicle(436,2150.9563,987.4216,10.5865,180.8703,87,1);// 
	AddStaticVehicle(439,2133.0083,1006.8494,10.7160,89.0048,43,21);// 
	AddStaticVehicle(561,2163.0320,1006.4872,10.6988,270.5458,101,1);// 
	AddStaticVehicle(461,2132.7266,899.1528,10.4046,270.7793,61,1);// 
	AddStaticVehicle(462,2132.7463,906.0122,10.4196,268.0389,2,1);// 
	AddStaticVehicle(463,2475.0217,992.2781,10.3602,206.1178,7,7);// 
	AddStaticVehicle(474,2197.8374,936.0216,10.5829,185.2772,105,1);// 
	AddStaticVehicle(442,2485.1379,936.2085,10.6624,0.1062,25,109);// 
	AddStaticVehicle(587,2460.3796,918.7192,10.5355,90.4611,53,1);// 
	AddStaticVehicle(535,2455.4519,1275.5571,10.5843,270.0745,28,1);// 
	AddStaticVehicle(603,2389.2190,1658.2742,10.4453,358.7758,60,1);// 
	AddStaticVehicle(560,2039.5767,1560.1608,10.3773,179.5952,9,39);// 
	AddStaticVehicle(545,2075.7207,1482.4139,10.4829,359.4229,44,96);// 
	AddStaticVehicle(579,2168.6729,1412.4142,10.7456,179.3802,53,53);// 
	AddStaticVehicle(581,2353.1150,1405.4800,10.4148,272.0892,66,1);// 
	AddStaticVehicle(477,2352.6646,1436.9703,10.5496,269.3466,75,1);// 
	AddStaticVehicle(603,2300.3599,1466.0364,10.4462,90.1237,53,53);// 
	AddStaticVehicle(558,2300.8755,1458.6439,10.4778,90.3777,92,1);// 
	AddStaticVehicle(480,2292.5034,1454.7678,13.8155,270.6444,68,1);// 
	AddStaticVehicle(558,2285.8660,1518.0089,16.9278,0.2348,77,1);// 
	AddStaticVehicle(521,2351.9590,1487.6743,17.7851,268.5520,92,3);// 
	AddStaticVehicle(516,2322.5889,1423.0115,22.1984,89.6001,122,1);// 
	AddStaticVehicle(579,2352.2910,1472.8545,32.0779,268.4590,28,119);// 
	AddStaticVehicle(418,2332.3298,1387.9061,36.5387,179.0473,64,64);// 
	AddStaticVehicle(477,2293.1245,1455.2216,39.5112,270.0951,22,1);// 
	AddStaticVehicle(461,2279.1494,1387.7222,42.4054,181.3635,61,1);// 
	AddStaticVehicle(451,2351.6416,1415.7268,42.5269,269.3744,123,123);// 
	AddStaticVehicle(448,2631.0559,1845.8617,10.4164,264.5009,3,6);// 
	AddStaticVehicle(561,2632.0137,1858.2656,10.6989,270.9765,113,1);// 
	AddStaticVehicle(477,2602.6128,1846.6437,10.5729,90.5212,121,1);// 
	AddStaticVehicle(479,2631.2253,1794.8120,10.6166,270.0366,60,35);// 
	AddStaticVehicle(581,2600.0813,1691.2465,10.4108,89.1784,36,1);// 
	AddStaticVehicle(496,2631.7998,1681.1658,10.4784,271.2010,31,31);//
	AddStaticVehicle(402,2214.7441,1512.2836,10.6519,269.6815,39,39);// 
	AddStaticVehicle(410,2038.7775,1588.8407,10.3258,179.6040,10,1);// 
	AddStaticVehicle(418,1742.2191,1906.1680,10.9136,90.2075,117,227);// 
	AddStaticVehicle(420,1731.2715,1974.9578,10.5994,273.0416,6,1);// 
	AddStaticVehicle(437,1736.9500,1878.4280,10.9183,269.9015,47,74);// 
	AddStaticVehicle(429,1702.7047,1804.3766,10.5000,359.9712,1,2);// 
	AddStaticVehicle(421,1602.3925,1839.9454,10.7028,178.4762,36,1);// 
	AddStaticVehicle(402,1471.5049,1928.6152,11.1104,91.6437,22,22);// 
	AddStaticVehicle(482,1450.1931,2017.9884,10.9038,90.8726,91,1);// 
	AddStaticVehicle(426,1453.9977,1957.7761,10.9630,179.0628,62,62);// 
	AddStaticVehicle(436,1368.7289,2020.8182,11.2117,88.9614,92,1);// 
	AddStaticVehicle(483,1117.3785,2112.5374,10.8094,0.4216,1,31);// 
	AddStaticVehicle(498,1049.3367,2135.9788,10.8916,87.9624,20,117);// 
	AddStaticVehicle(530,980.7039,2060.1577,10.5856,159.6553,114,1);// 
	AddStaticVehicle(542,1023.1682,2019.7904,10.9840,272.4500,31,93);// 
	AddStaticVehicle(554,991.6675,1886.8708,11.3290,270.6092,15,32);// 
	AddStaticVehicle(558,984.5507,1719.9063,8.2853,270.4343,24,1);// 
	AddStaticVehicle(522,949.3912,1662.1198,8.4159,269.5886,6,25);// 
	AddStaticVehicle(541,1113.0669,1726.9880,10.4451,179.9989,22,1);// 
	AddStaticVehicle(521,1024.1970,1724.4652,10.3911,93.4605,92,3);// 
	AddStaticVehicle(506,1041.7158,1357.1357,10.5246,85.3610,7,7);// 
	AddStaticVehicle(500,1042.7311,1346.4717,10.9230,81.1408,28,119);// 
	AddStaticVehicle(496,979.9923,1080.0503,10.5293,91.2658,53,56);// 
	AddStaticVehicle(482,979.7035,1104.7273,10.9448,90.7615,71,71);// 
	AddStaticVehicle(414,1425.6675,1039.2936,10.4327,90.1854,102,65);// 
	AddStaticVehicle(414,1451.7877,976.0687,10.4987,0.3869,67,1);// 
	AddStaticVehicle(410,2004.4067,735.3056,11.0296,180.8574,9,1);// 
	AddStaticVehicle(418,2168.8989,695.7342,11.4583,182.7091,117,227);// 
	AddStaticVehicle(429,2362.0627,731.0701,11.0945,0.1727,1,3);// 
	AddStaticVehicle(439,2362.4011,648.3926,11.2058,358.5358,43,21);// 
	AddStaticVehicle(460,2358.0769,519.0576,1.7602,270.6638,17,23);// 
	AddStaticVehicle(493,2292.9006,518.9941,-0.2127,269.6579,36,13);// 
	AddStaticVehicle(496,2086.2354,658.9543,10.8917,180.3410,66,72);// 
	AddStaticVehicle(506,1916.4235,698.4152,10.5369,359.5925,52,52);// 
	AddStaticVehicle(516,1852.8835,698.9276,11.0089,92.2719,119,1);// 
	AddStaticVehicle(521,1413.7998,772.0428,10.3920,92.6899,87,118);// 
	AddStaticVehicle(533,1484.0516,787.6008,10.5294,359.4022,74,1);// 
	AddStaticVehicle(545,1535.0472,787.3861,10.6314,0.8390,44,96);// 
	AddStaticVehicle(578,1645.1521,740.4365,11.4446,357.8964,1,1);// 
	AddStaticVehicle(484,1628.1273,571.8071,0.1587,269.3263,66,36);// 
	AddStaticVehicle(477,1544.6929,2132.2334,11.1514,269.0969,101,1);// 
	AddStaticVehicle(480,1613.6011,2207.0527,10.5919,271.9736,4,4);// 
	AddStaticVehicle(479,1519.2012,2291.0112,10.6331,0.9600,49,23);// 
	AddStaticVehicle(419,1340.8719,2246.3386,10.6215,92.0409,21,1);// 
	AddStaticVehicle(462,1431.4543,2237.3440,10.6230,267.7669,3,1);// 
	AddStaticVehicle(401,1508.7909,2091.1387,10.6953,271.2132,39,39);// 
	AddStaticVehicle(439,1068.4608,2185.2996,16.6151,91.1135,25,78);// 
	AddStaticVehicle(426,1126.5607,2323.6711,16.4615,90.0850,7,7);// 
	AddStaticVehicle(421,1135.4622,2253.0496,16.6012,270.1440,30,1);// 
	AddStaticVehicle(419,1115.4999,2310.4092,10.6371,267.7344,33,75);// 
	AddStaticVehicle(561,990.2859,2307.3047,11.1294,89.9585,101,101);// 
	AddStaticVehicle(400,1108.1198,1903.8445,10.9125,269.1945,113,1);// 
	AddStaticVehicle(403,1059.6801,1916.6881,11.4272,0.6038,101,1);// 
	AddStaticVehicle(402,2039.0864,1160.6543,10.5033,179.5146,22,22);// 
	AddStaticVehicle(411,1844.4286,1209.7379,10.5596,91.1955,116,1);// 
	AddStaticVehicle(522,1843.6981,1255.3601,10.3902,89.6382,3,8);// 
	AddStaticVehicle(439,1866.8518,1179.2153,10.7348,0.1707,37,78);// 
	AddStaticVehicle(587,1552.6906,1025.6267,10.5356,267.4064,66,1);// 
	AddStaticVehicle(543,1332.6006,1159.0437,10.6290,270.0148,8,90);// 
	AddStaticVehicle(545,1281.1134,2545.5876,10.6315,90.4074,30,1);// 
	AddStaticVehicle(420,1433.6541,2608.7395,10.6772,89.2627,6,76);// 
	AddStaticVehicle(508,1374.0249,2644.2893,11.1956,179.4467,1,1);// 
	AddStaticVehicle(437,1352.3561,2647.1230,10.9443,180.4328,105,20);// 
	AddStaticVehicle(451,1319.5608,2697.6628,10.5268,0.7027,61,61);// 
	AddStaticVehicle(437,1296.4653,2646.8472,10.9536,1.1869,54,7);// 
	AddStaticVehicle(506,1464.4520,2773.0771,10.3764,181.1781,3,3);// 
	AddStaticVehicle(546,1475.3710,2839.5518,10.6444,181.0346,11,11);// 
	AddStaticVehicle(541,1455.9503,2878.8362,10.4449,0.1368,51,1);// 
	AddStaticVehicle(545,1529.5756,2867.6501,10.6314,268.0443,39,1);// 
	AddStaticVehicle(421,1529.6301,2835.7375,10.6409,269.9234,62,62);// 
	AddStaticVehicle(457,1422.7972,2830.8291,10.4472,91.4126,13,1);// 
	AddStaticVehicle(457,1369.0237,2784.1589,10.4470,94.3731,34,1);// 
	AddStaticVehicle(457,1423.0651,2835.1399,10.4471,92.8884,58,1);// 
	AddStaticVehicle(572,1420.3008,2802.6375,10.4002,179.9108,30,1);// 
	AddStaticVehicle(561,1618.5776,2834.7361,10.6343,359.5821,25,78);// 
	AddStaticVehicle(581,1737.6124,2780.0356,10.6454,100.8438,54,1);// 
	AddStaticVehicle(579,1673.0441,2696.7334,10.7646,2.8550,37,37);// 
	AddStaticVehicle(522,1927.4393,2729.9841,10.3924,182.5768,6,25);// 
	AddStaticVehicle(562,1998.1213,2758.4885,10.4822,0.3794,116,1);// 
	AddStaticVehicle(542,2260.1184,2737.8931,10.5638,271.1407,24,118);// 
	AddStaticVehicle(498,2311.9609,2763.3215,10.8880,272.1044,13,120);// 
	AddStaticVehicle(421,2143.1143,2807.1777,10.5765,92.5022,30,72);// 
	AddStaticVehicle(480,2167.2463,2750.6987,10.5948,271.0785,12,12);// 
	AddStaticVehicle(419,2349.0527,2578.4849,10.6135,0.1656,2,39);// 
	AddStaticVehicle(448,2363.0669,2531.9736,10.4173,267.6790,3,6);// 
	AddStaticVehicle(541,2417.8662,2529.0085,10.4450,178.9855,36,8);// 
	AddStaticVehicle(415,2455.1401,2531.6060,21.6458,179.4472,0,1);// 
	AddStaticVehicle(418,2530.6252,2535.9524,21.9679,268.5749,81,81);// 
	AddStaticVehicle(436,2506.2002,2515.6663,21.6411,88.9685,11,1);// 
	AddStaticVehicle(429,2537.9023,2397.2529,3.8906,0.5158,10,10);// 
	AddStaticVehicle(474,2511.0984,2394.3940,10.5828,269.3660,97,1);// 
	AddStaticVehicle(477,2501.1006,2131.0410,10.4987,269.4453,92,1);// 
	AddStaticVehicle(518,2589.0198,2166.3142,10.4839,1.1502,17,1);// 
	AddStaticVehicle(533,2620.0979,2086.9114,10.5281,180.6504,79,1);// 
	AddStaticVehicle(535,2567.6167,2059.1948,10.5846,0.8758,28,1);// 
	AddStaticVehicle(541,2075.6462,1312.3136,10.2966,359.4287,2,1);// 
	AddStaticVehicle(546,2183.6970,1878.7114,10.5448,359.9918,78,38);// 
	AddStaticVehicle(410,2192.2410,1856.6902,10.6209,181.3348,75,1);// 
	AddStaticVehicle(480,2203.4363,1787.9412,10.5034,179.6947,60,1);// 
	AddStaticVehicle(541,2181.5310,1821.7205,10.4451,0.6193,51,1);// 
	AddStaticVehicle(533,2129.1848,1810.2720,10.3810,332.9410,74,1);// 
	AddStaticVehicle(477,2118.6621,1892.0770,10.3763,181.2668,6,6);// 
	AddStaticVehicle(410,2118.6233,1910.1948,10.7688,180.4238,40,110);// 
	AddStaticVehicle(496,2102.4214,2066.0054,10.5366,270.8547,66,72);// 
	AddStaticVehicle(477,2103.5483,2089.0322,10.5741,269.2954,101,1);// 
	AddStaticVehicle(516,2028.6848,2155.9724,10.6248,264.3126,2,39);// 
	AddStaticVehicle(522,1995.4116,2185.7837,10.3813,183.3891,36,105);// 
	AddStaticVehicle(508,2010.5963,2137.1594,11.1969,270.0610,1,1);// 
	AddStaticVehicle(414,2005.9337,2059.6008,10.9941,181.8287,110,93);// 
	AddStaticVehicle(414,2060.3394,2237.0127,10.5447,89.3482,121,93);// 
	AddStaticVehicle(448,2077.0784,2226.7166,10.4142,3.1701,3,6);// 
	AddStaticVehicle(420,2107.7361,2206.7979,10.8238,178.2615,6,76);// 
	AddStaticVehicle(516,2094.5530,2206.6326,10.5904,178.8517,119,45);// 
	AddStaticVehicle(477,2156.2788,2188.8767,10.3516,358.4281,14,14);// 
	AddStaticVehicle(415,2339.1323,2114.0562,10.4512,177.1576,20,1);// 
	AddStaticVehicle(409,2361.3320,2170.0618,10.5251,359.3094,1,1);// 
	AddStaticVehicle(461,2380.3523,2018.2645,10.3403,272.1906,13,1);// 
	AddStaticVehicle(587,2338.7590,1943.9525,10.4102,182.1740,40,1);// 
	AddStaticVehicle(482,2221.3479,1944.5293,9.7951,87.2554,37,37);//
	AddStaticVehicle(479,2272.5029,1953.1041,9.4899,179.0292,7,7);// 
	AddStaticVehicle(541,2244.7246,1997.9194,15.4282,0.8475,12,32);// 
	AddStaticVehicle(541,2222.4797,1936.1879,25.9241,88.7210,68,8);//
	AddStaticVehicle(415,2294.6262,1952.2435,26.0251,268.4258,7,7);//
	AddStaticVehicle(436,2246.8062,1939.5153,31.5463,179.6696,33,0);//
	AddStaticVehicle(461,2283.6470,1975.2380,28.4011,180.9682,62,62);//
	AddStaticVehicle(482,2217.0320,2048.4802,10.9456,89.9095,85,85);// 
	AddStaticVehicle(479,2296.6074,2046.1454,10.6169,271.5167,49,23);// 
	AddStaticVehicle(461,2259.0544,2065.4905,10.3873,2.1430,61,1);// 
	AddStaticVehicle(477,2272.6033,2326.2434,10.5272,88.5973,61,61);// 
	AddStaticVehicle(401,2464.2083,2236.9705,10.5507,88.6525,39,39);// 
	AddStaticVehicle(428,2242.5024,2231.3748,10.9010,270.8860,4,75);// 
	AddStaticVehicle(516,2007.5071,2263.2092,17.6074,2.4052,13,76);// 
	AddStaticVehicle(522,2014.7938,2244.9580,23.4848,269.4012,8,82);// 
	AddStaticVehicle(436,1907.2633,2290.8406,11.0000,180.4904,84,1);// 
	AddStaticVehicle(480,1705.0334,2242.9836,10.5941,179.6409,12,12);// 
	AddStaticVehicle(436,1691.1774,2131.1426,11.0800,91.2325,87,1);// 
	AddStaticVehicle(414,1842.6188,2090.4556,10.8907,176.3065,36,36);// 
	AddStaticVehicle(436,1908.1819,2078.6570,10.5695,270.3529,53,1);// 
	AddStaticVehicle(516,1912.8295,2158.5737,10.6165,271.8315,47,47);// 
	AddStaticVehicle(525,1963.4600,2171.0208,10.6913,257.1353,1,1);// 
	AddStaticVehicle(496,1993.2476,2058.3521,10.5367,357.2019,53,56);// 
	AddStaticVehicle(535,2075.9631,1677.7250,10.4351,0.1849,118,1);// 
	AddStaticVehicle(418,2452.3093,1357.8304,10.9134,359.7694,61,61);// 
	AddStaticVehicle(415,2447.5730,1327.1135,10.5908,179.6456,0,1);// 
	AddStaticVehicle(414,2612.0542,1429.5336,10.9140,183.7790,24,1);// 
	AddStaticVehicle(420,2488.5161,1534.1761,10.5240,231.4538,6,1);// 
	AddStaticVehicle(409,2481.3877,1544.0386,10.5123,202.9677,1,1);// 
	AddStaticVehicle(579,2498.4194,1676.3019,10.5524,1.3521,101,101);// 
	AddStaticVehicle(474,2463.0220,1676.7267,10.5831,359.3129,97,1);// 
	AddStaticVehicle(518,2788.6519,2431.3220,10.4912,314.8943,2,39);// 
	AddStaticVehicle(516,2815.1465,2406.8418,10.6541,315.8335,119,1);// 
	AddStaticVehicle(506,2833.4592,2309.8750,10.5247,179.7437,76,76);// 
	AddStaticVehicle(516,2891.3560,2379.1252,10.6230,270.9466,41,29);// 
	AddStaticVehicle(417,2093.3755,2415.1582,74.7678,94.3180,2,29);//  
	AddStaticVehicle(402,2095.8645,2410.8191,45.0503,267.7614,110,110);// 
	AddStaticVehicle(516,2104.4490,2396.0525,40.6341,271.3880,119,62);// 
	AddStaticVehicle(402,2095.8438,2398.7417,27.8898,268.8989,99,81);// 
	AddStaticVehicle(477,2086.5784,2416.6394,23.4231,90.8221,3,3);// 
	AddStaticVehicle(516,2103.9829,2419.3713,14.8978,270.8129,24,55);//  
	AddStaticVehicle(561,2065.8535,2479.7612,10.6989,359.7305,4,1);//  
	AddStaticVehicle(414,2130.8403,2514.2134,10.9140,193.6682,24,1);// 
	AddStaticVehicle(410,1900.4618,2437.4229,10.4740,92.5165,45,1);// 
	AddStaticVehicle(408,1730.6010,2336.2703,11.3685,2.6346,26,26);// 
	AddStaticVehicle(486,2707.1851,822.1658,10.7179,2.5507,1,1);// 
	AddStaticVehicle(486,2707.0010,908.6336,10.8980,176.3525,1,1);// 
	AddStaticVehicle(482,2697.6646,885.6911,10.3113,271.4880,71,71);// 
	AddStaticVehicle(554,2701.6409,828.3740,10.1758,359.8369,15,32);// 
	AddStaticVehicle(524,2635.2407,848.0072,6.7986,311.1720,61,27);// 
	AddStaticVehicle(524,2630.1240,851.0532,6.9725,315.8478,65,31);// 
	AddStaticVehicle(530,2687.1553,909.9475,10.4912,199.4376,111,1);// 
	AddStaticVehicle(530,2683.3469,908.7888,10.4567,197.7386,112,1);// 
	AddStaticVehicle(455,2685.8137,864.3542,10.3588,358.5818,84,58);// 
	AddStaticVehicle(560,2705.9065,788.8524,10.6037,359.2399,33,0);// 
	AddStaticVehicle(403,2873.0920,920.3176,11.3572,94.3495,28,1);// 
	AddStaticVehicle(403,2873.2283,913.3622,11.7676,85.7952,24,77);// 
	AddStaticVehicle(435,2855.4207,896.0324,11.1716,359.7548,24,77);// trailer
	AddStaticVehicle(435,2818.0835,897.6704,11.3012,359.2285,24,77);// trailer
	AddStaticVehicle(435,2827.5466,897.5560,11.2943,0.9414,24,77);// trailer
	AddStaticVehicle(530,2884.7034,941.7674,10.5161,90.4367,112,1);// 
	AddStaticVehicle(530,2833.1492,996.5211,10.5144,173.6816,13,1);// 
	AddStaticVehicle(482,2805.1533,968.8243,10.8708,178.9079,48,48);// 
	AddStaticVehicle(560,2817.4512,941.4572,10.4556,0.9883,9,39);// 
	AddStaticVehicle(578,2840.3525,994.4778,11.3743,176.8262,1,1);//
	AddStaticVehicle(577,1477.4631,1647.4589,10.7281,180.2741,8,7);// at400 LV rwy
	AddStaticVehicle(577,-1513.0963,-21.4589,14.0641,314.4915,8,7);// at400 SF rwy
	AddStaticVehicle(577,2014.6605,-2493.9668,13.4887,89.6533,8,7);// at400 LS rwy
