CreateObject(1829,-1478.099976,-1576.099976,-90.800003,0.000000,0.000000,90.000000,700.0);// (man_safenew) (1)
CreateObject(11428,-2311.800049,-1245.400024,246.600006,0.000000,8.000000,208.000000,700.0);// (des_indruin02) (1)
CreateObject(944,-2307.000000,-1244.800049,244.300003,0.000000,0.000000,297.000000,700.0);// (Packing_carates04) (1)
CreateObject(11442,-2225.899902,-1336.900024,272.399994,13.989000,357.681000,192.561005,700.0);// (des_pueblo3) (1)
CreateObject(1796,-2286.199951,-1291.000000,257.600006,342.000000,0.000000,34.000000,700.0);// (LOW_BED_4) (1)
CreateObject(17950,-2290.899414,-1280.000000,256.100006,0.000000,0.000000,129.996002,700.0);// (cjsaveg) (23)
CreateObject(17950,-2286.300049,-1285.400024,256.100006,0.000000,0.000000,129.996002,700.0);// (cjsaveg) (24)
CreateObject(17950,-2281.700195,-1290.799805,256.100006,0.000000,0.000000,129.996002,700.0);// (cjsaveg) (25)
CreateObject(17950,-2277.100098,-1296.199951,256.100006,0.000000,0.000000,129.996002,700.0);// (cjsaveg) (26)
CreateObject(17950,-2297.699951,-1285.599976,256.100006,0.000000,0.000000,129.996002,700.0);// (cjsaveg) (28)
CreateObject(17950,-2293.100098,-1291.000000,256.100006,0.000000,0.000000,129.996002,700.0);// (cjsaveg) (29)
CreateObject(11443,-2325.600098,-1256.300049,242.199997,0.000000,0.000000,130.000000,700.0);// (des_pueblo4) (1)
CreateObject(12839,-2288.600098,-1272.699951,255.500000,0.000000,0.000000,310.747986,700.0);// (cos_sbanksteps02) (1)
CreateObject(11543,-2336.200195,-1376.099609,303.299988,0.000000,0.000000,284.243988,700.0);// (des_warehs) (1)
CreateObject(1800,-2326.300049,-1358.699951,298.500000,0.000000,0.000000,14.500000,700.0);// (LOW_BED_1) (1)
CreateObject(11443,-2282.299805,-1289.799805,258.399994,0.000000,0.000000,129.996002,700.0);// (des_pueblo4) (2)
CreateObject(11442,-2288.799805,-1282.200195,258.399994,0.000000,0.000000,125.997002,700.0);// (des_pueblo3) (3)
CreateObject(1829,-2278.699951,-1289.699951,258.799988,0.000000,0.000000,310.500000,700.0);// (man_safenew) (2)
CreateObject(11543,-2298.000000,-1303.500000,242.699997,0.000000,0.000000,220.496002,700.0);// (des_warehs) (3)
CreateObject(17950,-2288.399902,-1296.400024,256.100006,0.000000,0.000000,129.996002,700.0);// (cjsaveg) (31)
CreateObject(17030,-2276.599609,-1344.000000,277.200012,353.369995,325.739014,207.503998,700.0);// (cunt_rockgp2_11) (1)
CreateObject(17030,-2286.000000,-1355.599976,281.200012,355.303986,54.265999,114.491997,700.0);// (cunt_rockgp2_11) (2)
CreateObject(3361,-2273.899902,-1333.199951,294.200012,0.000000,0.000000,67.500000,700.0);// (cxref_woodstair) (1)
CreateObject(3361,-2275.800049,-1327.900024,290.100006,0.000000,0.000000,157.500000,700.0);// (cxref_woodstair) (2)
CreateObject(3361,-2283.300049,-1324.800049,285.899994,0.000000,0.000000,157.494995,700.0);// (cxref_woodstair) (4)
CreateObject(3361,-2285.800049,-1319.599976,281.700012,0.000000,0.000000,67.500000,700.0);// (cxref_woodstair) (5)
CreateObject(3361,-2280.600098,-1317.199951,277.500000,0.000000,0.000000,337.494995,700.0);// (cxref_woodstair) (8)
CreateObject(3361,-2275.199951,-1315.400024,273.500000,0.000000,0.000000,67.500000,700.0);// (cxref_woodstair) (9)
CreateObject(3361,-2277.100098,-1310.199951,269.299988,0.000000,0.000000,157.494995,700.0);// (cxref_woodstair) (10)
CreateObject(3361,-2279.699951,-1305.000000,265.200012,0.000000,0.000000,67.500000,700.0);// (cxref_woodstair) (11)
CreateObject(3361,-2274.399902,-1302.500000,261.100006,0.000000,0.000000,337.494995,700.0);// (cxref_woodstair) (14)
CreateObject(3406,-2275.800049,-1327.900024,282.100006,0.000000,0.000000,157.500000,700.0);// (cxref_woodjetty) (1)
CreateObject(3406,-2282.699951,-1324.800049,278.100006,0.000000,0.000000,157.494995,700.0);// (cxref_woodjetty) (2)
CreateObject(3406,-2277.300049,-1341.300049,294.200012,0.000000,0.000000,67.500000,700.0);// (cxref_woodjetty) (3)
CreateObject(3361,-2323.600098,-1350.099976,296.600006,0.000000,0.000000,14.495000,700.0);// (cxref_woodstair) (16)
CreateObject(3361,-2289.500000,-1344.599976,298.200012,0.000000,0.000000,247.744995,700.0);// (cxref_woodstair) (17)
CreateObject(3406,-2290.800049,-1347.699951,294.200012,0.000000,0.000000,67.500000,700.0);// (cxref_woodjetty) (5)
CreateObject(3406,-2297.800049,-1349.099976,294.200012,0.000000,0.000000,158.000000,700.0);// (cxref_woodjetty) (6)
CreateObject(3406,-2305.899902,-1345.800049,294.200012,0.000000,0.000000,158.000000,700.0);// (cxref_woodjetty) (7)
CreateObject(1412,-2292.199951,-1329.900024,297.000000,0.000000,90.000000,324.000000,700.0);// (DYN_MESH_2) (3)
CreateObject(1412,-2294.100098,-1328.500000,296.100006,0.000000,90.000000,323.997986,700.0);// (DYN_MESH_2) (4)
CreateObject(1412,-2296.100098,-1327.099976,295.600006,0.000000,90.000000,323.997986,700.0);// (DYN_MESH_2) (5)
CreateObject(3265,-2293.199951,-1329.199951,296.200012,0.000000,0.000000,320.000000,700.0);// (privatesign4) (1)
CreateObject(17950,-2412.800049,-1375.500000,329.600006,0.000000,0.000000,15.996000,700.0);// (cjsaveg) (33)
CreateObject(17950,-2415.199951,-1367.099976,329.600006,0.000000,0.000000,15.991000,700.0);// (cjsaveg) (34)
CreateObject(17950,-2415.199951,-1367.099976,325.100006,0.000000,0.000000,15.991000,700.0);// (cjsaveg) (36)
CreateObject(17950,-2412.800049,-1375.500000,325.100006,0.000000,0.000000,15.991000,700.0);// (cjsaveg) (37)
CreateObject(17950,-2419.699951,-1377.500000,329.600006,0.000000,0.000000,15.991000,700.0);// (cjsaveg) (38)
CreateObject(17950,-2422.100098,-1369.000000,329.600006,0.000000,0.000000,15.991000,700.0);// (cjsaveg) (39)
CreateObject(17950,-2428.899902,-1371.000000,329.600006,0.000000,0.000000,15.991000,700.0);// (cjsaveg) (40)
CreateObject(17950,-2426.100098,-1379.300049,329.600006,0.000000,0.000000,15.991000,700.0);// (cjsaveg) (41)
CreateObject(3361,-2410.199951,-1367.699951,329.700012,0.000000,0.000000,286.992004,700.0);// (cxref_woodstair) (19)
CreateObject(3361,-2405.300049,-1370.500000,325.700012,0.000000,0.000000,18.740000,700.0);// (cxref_woodstair) (20)
CreateObject(3361,-2397.600098,-1367.900024,321.600006,0.000000,0.000000,18.737000,700.0);// (cxref_woodstair) (21)
CreateObject(3361,-2389.899902,-1365.300049,317.600006,0.000000,0.000000,18.737000,700.0);// (cxref_woodstair) (22)
CreateObject(3361,-2382.199951,-1362.699951,313.600006,0.000000,0.000000,18.737000,700.0);// (cxref_woodstair) (23)
CreateObject(3361,-2374.500000,-1360.199951,309.600006,0.000000,0.000000,18.737000,700.0);// (cxref_woodstair) (24)
CreateObject(3361,-2366.800049,-1357.599976,305.200012,0.000000,0.000000,18.737000,700.0);// (cxref_woodstair) (25)
CreateObject(3361,-2361.600098,-1359.900024,301.000000,0.000000,0.000000,288.987000,700.0);// (cxref_woodstair) (26)
CreateObject(1412,-2285.600098,-1344.300049,296.899994,0.000000,90.000000,267.997986,700.0);// (DYN_MESH_2) (6)
CreateObject(1412,-2285.699951,-1346.699951,296.100006,0.000000,90.000000,267.994995,700.0);// (DYN_MESH_2) (7)
CreateObject(1412,-2285.800049,-1349.199951,295.100006,0.000000,90.000000,267.994995,700.0);// (DYN_MESH_2) (8)
CreateObject(1412,-2285.800049,-1351.699951,294.299988,0.000000,90.000000,267.994995,700.0);// (DYN_MESH_2) (9)
CreateObject(3265,-2285.899902,-1347.900024,294.600006,0.000000,0.000000,273.998993,700.0);// (privatesign4) (2)
CreateObject(2064,-2283.000000,-1287.599976,259.000000,0.000000,0.000000,130.000000,700.0);// (CJ_FEILDGUN) (1)
CreateObject(16358,-1422.300049,-1555.800049,-89.900002,0.000000,179.994995,90.000000,700.0);// (des_ebrigroad07) (5)
CreateObject(16358,-1421.699951,-1579.800049,-202.600006,0.000000,90.000000,270.000000,700.0);// (des_ebrigroad07) (25)
CreateObject(16358,-1422.300049,-1572.699951,-202.600006,0.000000,90.000000,90.000000,700.0);// (des_ebrigroad07) (26)
CreateObject(16358,-1423.000000,-1582.099976,-202.600006,0.000000,90.000000,270.000000,700.0);// (des_ebrigroad07) (44)
CreateObject(16358,-1424.300049,-1584.300049,-202.500000,0.000000,90.000000,270.000000,700.0);// (des_ebrigroad07) (50)
CreateObject(16358,-1425.599976,-1586.699951,-202.500000,0.000000,90.000000,270.000000,700.0);// (des_ebrigroad07) (51)
CreateObject(16358,-1427.000000,-1588.900024,-202.500000,0.000000,90.000000,270.000000,700.0);// (des_ebrigroad07) (67)
CreateObject(16358,-1423.800049,-1570.300049,-202.600006,0.000000,90.000000,90.000000,700.0);// (des_ebrigroad07) (68)
CreateObject(16358,-1425.800049,-1567.900024,-202.600006,0.000000,90.000000,90.000000,700.0);// (des_ebrigroad07) (69)
CreateObject(16358,-1420.199951,-1568.800049,-82.099998,0.000000,0.000000,90.000000,700.0);// (des_ebrigroad07) (71)
CreateObject(16358,-1298.099976,-1562.099976,-82.800003,90.000000,5.941000,180.000000,700.0);// (des_ebrigroad07) (72)
CreateObject(16358,-1294.099976,-1566.699951,-82.800003,90.000000,5.938000,0.000000,700.0);// (des_ebrigroad07) (73)
CreateObject(16358,-1406.000000,-1568.699951,-79.800003,0.000000,0.000000,90.000000,700.0);// (des_ebrigroad07) (74)
CreateObject(16358,-1392.000000,-1568.599976,-77.500000,0.000000,0.000000,90.000000,700.0);// (des_ebrigroad07) (75)
CreateObject(16358,-1376.699951,-1566.099976,-75.199997,0.000000,0.000000,90.000000,700.0);// (des_ebrigroad07) (76)
CreateObject(16358,-1055.400024,-1541.800049,-82.800003,90.000000,5.938000,0.000000,700.0);// (des_ebrigroad07) (77)
CreateObject(16358,-1059.500000,-1537.300049,-82.800003,90.000000,5.938000,179.994995,700.0);// (des_ebrigroad07) (78)
CreateObject(16302,-948.400024,-1528.900024,-82.699997,0.000000,0.000000,0.000000,700.0);// (des_gravelpile04) (2)
CreateObject(3330,-945.000000,-1530.800049,-42.400002,0.000000,0.000000,268.000000,700.0);// (cxrf_brigleg) (1)
CreateObject(16645,-1431.500000,-1580.300049,-80.699997,0.000000,0.000000,90.000000,700.0);// (a51_ventsouth01) (10)
CreateObject(14875,-1451.099976,-1583.199951,101.599998,0.000000,0.000000,0.000000,700.0);// (Kylie_hay1) (1)
CreateObject(3374,-1442.199951,-1583.000000,102.300003,0.000000,0.000000,0.000000,700.0);// (SW_haybreak02) (1)
CreateObject(3374,-1462.000000,-1582.800049,102.300003,0.000000,0.000000,0.000000,700.0);// (SW_haybreak02) (2)
CreateObject(17010,-1447.500000,-1575.199951,100.699997,0.000000,0.000000,0.000000,700.0);// (truth_barn03) (1)
CreateObject(3260,-1440.699951,-1579.300049,101.800003,0.000000,0.000000,0.000000,700.0);// (oldwoodpanel) (1)
CreateObject(3260,-1442.699951,-1579.300049,101.800003,0.000000,0.000000,0.000000,700.0);// (oldwoodpanel) (2)
CreateObject(3260,-1444.699951,-1579.300049,101.800003,0.000000,0.000000,0.000000,700.0);// (oldwoodpanel) (3)
CreateObject(3260,-1446.699951,-1579.300049,101.800003,0.000000,0.000000,0.000000,700.0);// (oldwoodpanel) (4)
CreateObject(3260,-1448.699951,-1579.300049,101.800003,0.000000,0.000000,0.000000,700.0);// (oldwoodpanel) (5)
CreateObject(3260,-1450.700195,-1579.299805,101.800003,0.000000,0.000000,0.000000,700.0);// (oldwoodpanel) (6)
CreateObject(3260,-1452.699951,-1579.300049,101.800003,0.000000,0.000000,0.000000,700.0);// (oldwoodpanel) (7)
CreateObject(3260,-1452.500000,-1575.099976,101.800003,0.000000,0.000000,180.000000,700.0);// (oldwoodpanel) (13)
CreateObject(3260,-1450.500000,-1575.099976,101.800003,0.000000,0.000000,179.994995,700.0);// (oldwoodpanel) (14)
CreateObject(3260,-1448.500000,-1575.099976,101.800003,0.000000,0.000000,179.988998,700.0);// (oldwoodpanel) (15)
CreateObject(3260,-1446.500000,-1575.099976,101.800003,0.000000,0.000000,179.983994,700.0);// (oldwoodpanel) (16)
CreateObject(3260,-1444.500000,-1575.099976,101.800003,0.000000,0.000000,179.977997,700.0);// (oldwoodpanel) (17)
CreateObject(3260,-1442.500000,-1575.099976,101.800003,0.000000,0.000000,179.973007,700.0);// (oldwoodpanel) (18)
CreateObject(3260,-1440.500000,-1575.099609,101.800003,0.000000,0.000000,179.962006,700.0);// (oldwoodpanel) (19)
CreateObject(3260,-1439.599976,-1578.199951,101.800003,0.000000,0.000000,90.000000,700.0);// (oldwoodpanel) (22)
CreateObject(3260,-1439.599976,-1576.199951,101.800003,0.000000,0.000000,90.000000,700.0);// (oldwoodpanel) (23)
CreateObject(3260,-1456.599976,-1578.400024,100.699997,270.000000,180.000000,270.000000,700.0);// (oldwoodpanel) (24)
CreateObject(3117,-1448.400024,-1574.500000,95.599998,0.000000,0.000000,90.000000,700.0);// (a51_ventcoverb) (4)
CreateObject(970,-1447.400024,-1574.199951,96.199997,0.000000,0.000000,90.000000,700.0);// (fencesmallb) (2)
CreateObject(3279,-2115.800049,-2465.399902,29.100000,0.000000,0.000000,319.500000,700.0);// (a51_spottower) (1)
CreateObject(1829,-2115.699951,-2405.699951,30.799999,0.000000,0.000000,51.500000,700.0);// (man_safenew) (3)
CreateObject(1431,-2291.699951,-1281.099976,258.899994,0.000000,0.000000,306.750000,700.0);// (DYN_BOX_PILE) (1)
CreateObject(3576,-2339.600098,-1359.000000,300.200012,0.000000,0.000000,286.000000,700.0);// (DockCrates2_LA) (1)
CreateObject(16601,-2345.000000,-1366.000000,302.899994,0.000000,0.000000,13.250000,700.0);// (by_fuel07) (1)
CreateObject(1348,-2335.899902,-1359.199951,299.399994,0.000000,0.000000,0.000000,700.0);// (CJ_O2Tanks) (1)
CreateObject(941,-2293.800049,-1283.400024,258.799988,0.000000,0.000000,37.247002,700.0);// (CJ_DF_WORKTOP_3) (2)
CreateObject(2061,-2348.300049,-1356.500000,300.000000,0.000000,0.000000,344.000000,700.0);// (CJ_SHELLS1) (1)
CreateObject(2061,-2348.199951,-1357.000000,300.000000,0.000000,0.000000,57.998001,700.0);// (CJ_SHELLS1) (2)
CreateObject(937,-2347.500000,-1356.500000,299.200012,0.000000,0.000000,14.000000,700.0);// (CJ_DF_WORKTOP) (1)
CreateObject(3052,-2347.600098,-1356.599976,299.100006,0.000000,0.000000,14.750000,700.0);// (db_ammo) (1)
CreateObject(2063,-2287.500000,-1281.500000,259.000000,0.000000,0.000000,34.750000,700.0);// (CJ_GREENSHELVES) (2)
CreateObject(925,-2342.500000,-1360.800049,299.799988,0.000000,0.000000,10.000000,700.0);// (RACK2) (1)
CreateObject(964,-2349.500000,-1356.099976,298.700012,0.000000,0.000000,0.000000,700.0);// (CJ_METAL_CRATE) (1)
CreateObject(1687,-2346.800049,-1358.900024,303.000000,1.250000,0.000000,11.750000,700.0);// (gen_roofbit1) (4)
CreateObject(1688,-2346.600098,-1362.000000,301.500000,270.000000,180.000000,196.500000,700.0);// (gen_roofbit2) (2)
CreateObject(936,-1422.900024,-1504.199951,101.099998,0.000000,0.000000,4.250000,700.0);// (CJ_DF_WORKTOP_2) (1)
CreateObject(17030,-2444.500000,-1994.299805,202.399994,8.465000,327.596008,19.336000,700.0);// (cunt_rockgp2_11) (6)
CreateObject(17950,-2424.699951,-2018.500000,216.000000,0.000000,0.000000,297.498993,700.0);// (cjsaveg) (50)
CreateObject(17950,-2424.699951,-2018.800049,216.500000,0.000000,0.000000,294.998993,700.0);// (cjsaveg) (53)
CreateObject(1459,-2431.000000,-1908.000000,304.899994,0.000000,0.000000,78.000000,700.0);// (DYN_ROADBARRIER_6) (1)
CreateObject(1459,-2432.300049,-1914.000000,304.899994,0.000000,0.000000,77.997002,700.0);// (DYN_ROADBARRIER_6) (2)
CreateObject(1459,-2434.199951,-1919.699951,304.899994,0.000000,0.000000,77.997002,700.0);// (DYN_ROADBARRIER_6) (3)
CreateObject(1459,-2435.799805,-1925.799805,304.399994,0.000000,0.000000,77.997002,700.0);// (DYN_ROADBARRIER_6) (4)
CreateObject(1459,-2439.599609,-1945.000000,303.200012,0.000000,0.000000,77.991997,700.0);// (DYN_ROADBARRIER_6) (6)
CreateObject(1437,-2377.100098,-1905.400024,306.100006,318.000000,0.000000,0.000000,700.0);// (DYN_LADDER_2) (1)
CreateObject(1426,-2371.100098,-1905.400024,306.000000,0.000000,0.000000,0.000000,700.0);// (DYN_SCAFFOLD) (1)
CreateObject(1426,-2366.699951,-1906.599976,306.000000,0.000000,0.000000,335.994995,700.0);// (DYN_SCAFFOLD) (3)
CreateObject(1359,-2244.300049,-2015.500000,280.399994,0.000000,0.000000,0.000000,700.0);// (CJ_BIN1) (1)
CreateObject(1359,-2316.699951,-2040.199951,241.199997,0.000000,0.000000,0.000000,700.0);// (CJ_BIN1) (2)
CreateObject(12919,-2796.300049,-1613.900024,140.500000,0.000000,0.000000,180.000000,700.0);// (sw_tempbarn06) (1)
CreateObject(16406,-2831.600098,-1525.900024,142.600006,0.000000,0.000000,0.000000,700.0);// (desn2_weemineb) (1)
CreateObject(17060,-2800.600098,-1598.699951,140.399994,0.000000,0.000000,0.000000,700.0);// (cw_haypile06) (1)
CreateObject(3415,-2814.899902,-1494.500000,138.300003,0.000000,0.000000,0.000000,700.0);// (CE_loghut1) (1)
CreateObject(1829,-2813.800049,-1493.400024,138.800003,0.000000,0.000000,0.000000,700.0);// (man_safenew) (7)
CreateObject(3276,-2772.199951,-1638.599976,141.399994,0.000000,0.000000,90.000000,700.0);// (cxreffencesld) (1)
CreateObject(3276,-2772.199951,-1627.000000,141.399994,0.000000,0.000000,90.000000,700.0);// (cxreffencesld) (2)
CreateObject(3276,-2772.199951,-1615.400024,141.399994,0.000000,0.000000,90.000000,700.0);// (cxreffencesld) (3)
CreateObject(3276,-2772.199951,-1603.800049,141.399994,0.000000,0.000000,90.000000,700.0);// (cxreffencesld) (4)
CreateObject(3276,-2772.199951,-1592.200073,141.399994,0.000000,0.000000,90.000000,700.0);// (cxreffencesld) (5)
CreateObject(3276,-2772.200195,-1580.599609,141.399994,0.000000,0.000000,90.000000,700.0);// (cxreffencesld) (6)
CreateObject(3276,-2777.800049,-1644.199951,141.399994,0.000000,0.000000,0.000000,700.0);// (cxreffencesld) (28)
CreateObject(3276,-2789.300049,-1644.400024,141.399994,0.000000,0.000000,0.000000,700.0);// (cxreffencesld) (29)
CreateObject(3276,-2800.800049,-1644.400024,141.399994,0.000000,0.000000,0.000000,700.0);// (cxreffencesld) (30)
CreateObject(3276,-2774.899902,-1569.800049,141.300003,0.000000,0.000000,116.000000,700.0);// (cxreffencesld) (31)
CreateObject(3276,-2782.300049,-1561.800049,141.100006,0.000000,0.000000,147.998993,700.0);// (cxreffencesld) (32)
CreateObject(3276,-2785.300049,-1522.300049,138.899994,0.000000,0.000000,25.997000,700.0);// (cxreffencesld) (33)
CreateObject(3276,-2777.100098,-1515.199951,138.600006,0.000000,0.000000,56.993999,700.0);// (cxreffencesld) (34)
CreateObject(3276,-2772.600098,-1504.900024,138.000000,0.000000,3.250000,76.991997,700.0);// (cxreffencesld) (35)
CreateObject(3276,-2770.000000,-1493.400024,137.399994,0.000000,3.246000,78.737000,700.0);// (cxreffencesld) (36)
CreateObject(3276,-2768.699951,-1482.000000,136.399994,0.000000,3.246000,88.734001,700.0);// (cxreffencesld) (37)
CreateObject(3276,-2767.899902,-1470.800049,136.199997,0.000000,0.996000,85.981003,700.0);// (cxreffencesld) (38)
CreateObject(3276,-2773.899902,-1466.400024,136.500000,0.000000,0.000000,0.000000,700.0);// (cxreffencesld) (39)
CreateObject(3276,-2785.399902,-1466.400024,137.100006,0.000000,0.000000,0.000000,700.0);// (cxreffencesld) (40)
CreateObject(3276,-2796.899902,-1466.400024,137.300003,0.000000,0.000000,0.000000,700.0);// (cxreffencesld) (41)
CreateObject(3276,-2808.000000,-1466.300049,136.899994,0.000000,0.000000,0.000000,700.0);// (cxreffencesld) (48)
CreateObject(3276,-2819.500000,-1466.300049,136.000000,0.000000,0.000000,0.000000,700.0);// (cxreffencesld) (49)
CreateObject(3276,-2831.000000,-1466.300049,135.899994,0.000000,0.000000,0.000000,700.0);// (cxreffencesld) (50)
CreateObject(3276,-2842.300049,-1466.300049,135.600006,0.000000,0.000000,0.000000,700.0);// (cxreffencesld) (51)
CreateObject(3276,-2853.800049,-1466.300049,135.699997,0.000000,0.000000,0.000000,700.0);// (cxreffencesld) (52)
CreateObject(3276,-2865.300049,-1466.199951,135.699997,0.000000,0.000000,0.000000,700.0);// (cxreffencesld) (53)
CreateObject(3276,-2876.300049,-1468.400024,135.699997,0.000000,0.000000,22.000000,700.0);// (cxreffencesld) (54)
CreateObject(3276,-2786.600098,-1553.199951,140.199997,0.000000,5.000000,83.997002,700.0);// (cxreffencesld) (55)
CreateObject(1794,-2813.199951,-1518.800049,139.800003,0.000000,0.000000,0.000000,700.0);// (LOW_BED_3) (1)
CreateObject(2173,-2816.899902,-1529.500000,139.800003,0.000000,0.000000,0.000000,700.0);// (MED_OFFICE_DESK_3) (1)
CreateObject(3403,-2786.600098,-1499.599976,140.300003,0.000000,0.000000,0.000000,700.0);// (sw_logcover) (1)
CreateObject(694,-2783.899902,-1476.599976,135.000000,0.000000,0.000000,201.082993,700.0);// (sm_redwoodgrp) (1)
CreateObject(694,-2815.000000,-1494.199951,135.000000,0.000000,0.000000,201.082993,700.0);// (sm_redwoodgrp) (2)
CreateObject(694,-2831.699951,-1510.000000,141.800003,0.000000,0.000000,231.082993,700.0);// (sm_redwoodgrp) (3)
CreateObject(694,-2784.100098,-1550.800049,141.800003,0.000000,0.000000,231.080994,700.0);// (sm_redwoodgrp) (4)
CreateObject(791,-2801.199951,-1449.699951,131.699997,0.000000,0.000000,0.000000,700.0);// (vbg_fir_copse) (3)
CreateObject(791,-2843.500000,-1527.699951,135.899994,0.000000,0.000000,0.000000,700.0);// (vbg_fir_copse) (4)
CreateObject(791,-2819.000000,-1553.900024,134.600006,0.000000,0.000000,0.000000,700.0);// (vbg_fir_copse) (5)
CreateObject(694,-2842.500000,-1583.500000,141.800003,0.000000,0.000000,231.080994,700.0);// (sm_redwoodgrp) (6)
CreateObject(694,-2859.600098,-1572.099976,141.800003,0.000000,0.000000,269.080994,700.0);// (sm_redwoodgrp) (7)
CreateObject(791,-2863.000000,-1491.199951,130.899994,0.000000,0.000000,0.000000,700.0);// (vbg_fir_copse) (6)
CreateObject(791,-2780.899902,-1336.300049,123.400002,0.000000,0.000000,0.000000,700.0);// (vbg_fir_copse) (7)
CreateObject(791,-2788.300049,-1301.099976,116.199997,0.000000,0.000000,0.000000,700.0);// (vbg_fir_copse) (8)
CreateObject(791,-2797.100098,-1403.900024,126.900002,0.000000,0.000000,0.000000,700.0);// (vbg_fir_copse) (9)
CreateObject(18566,-2803.100098,-1587.500000,140.899994,0.000000,0.000000,0.000000,700.0);// (Cs_Logs02) (1)
CreateObject(18566,-2803.500000,-1581.800049,140.899994,0.000000,0.000000,0.000000,700.0);// (Cs_Logs02) (2)
CreateObject(18566,-2814.800049,-1583.900024,140.800003,0.000000,0.000000,0.000000,700.0);// (Cs_Logs02) (3)
CreateObject(18566,-2809.699951,-1580.300049,140.899994,0.000000,0.000000,0.000000,700.0);// (Cs_Logs02) (4)
CreateObject(18566,-2809.600098,-1536.099976,138.800003,0.000000,0.000000,0.000000,700.0);// (Cs_Logs02) (5)
CreateObject(18566,-2783.000000,-1516.000000,138.300003,0.000000,0.000000,47.999001,700.0);// (Cs_Logs02) (6)
CreateObject(791,-2875.399902,-1546.599976,128.100006,0.000000,0.000000,0.000000,700.0);// (vbg_fir_copse) (10)
CreateObject(18568,-2780.699951,-1627.099976,141.300003,0.000000,0.000000,0.000000,700.0);// (Cs_Logs05) (1)
CreateObject(3498,-2820.600098,-1525.099976,139.399994,0.000000,0.000000,0.000000,700.0);// (wdpillar01_lvs) (1)
CreateObject(3498,-2820.600098,-1523.500000,139.399994,0.000000,0.000000,0.000000,700.0);// (wdpillar01_lvs) (2)
CreateObject(1463,-2820.300049,-1524.099976,140.199997,0.000000,0.000000,0.000000,700.0);// (DYN_WOODPILE2) (1)
CreateObject(3525,-2820.500000,-1524.199951,139.100006,0.000000,0.000000,0.000000,700.0);// (exbrtorch01) (1)
CreateObject(2336,-2820.399902,-1515.800049,139.800003,0.000000,0.000000,0.000000,700.0);// (CJ_KITCH1_SINK) (1)
CreateObject(2297,-2820.600098,-1522.300049,139.899994,0.000000,0.000000,42.000000,700.0);// (TV_UNIT_2) (1)
CreateObject(1825,-2813.600098,-1526.400024,139.800003,0.000000,0.000000,0.000000,700.0);// (kb_table_chairs1) (1)
CreateObject(17030,-2386.800049,-2002.500000,246.899994,337.467987,44.090000,190.356003,700.0);// (cunt_rockgp2_11) (13)
CreateObject(17030,-2377.000000,-1839.199951,406.000000,9.987000,359.994995,37.991001,700.0);// (cunt_rockgp2_11) (15)
CreateObject(17030,-2372.399902,-1862.599976,399.500000,336.234985,351.247009,66.439003,700.0);// (cunt_rockgp2_11) (16)
CreateObject(17030,-2401.000000,-1829.900024,406.799988,338.936005,30.195000,209.798996,700.0);// (cunt_rockgp2_11) (17)
CreateObject(17030,-2412.800049,-1878.800049,378.100006,343.917999,322.299988,89.899002,700.0);// (cunt_rockgp2_11) (18)
CreateObject(17071,-2390.399902,-1870.699951,408.399994,0.000000,0.000000,227.998993,700.0);// (cunt_rockgp2_25) (2)
CreateObject(17071,-2399.000000,-1865.799805,408.399994,0.000000,0.000000,161.998993,700.0);// (cunt_rockgp2_25) (3)
CreateObject(694,-2111.399414,-1560.099609,212.399994,0.000000,0.000000,146.080002,700.0);// (sm_redwoodgrp) (5)
CreateObject(791,-2141.300049,-1619.500000,206.600006,0.000000,0.000000,319.998993,700.0);// (vbg_fir_copse) (11)
CreateObject(17031,-2061.600098,-1535.400024,130.600006,0.000000,2.000000,0.000000,700.0);// (cunt_rockgp2_13) (3)
CreateObject(900,-2339.500000,-1998.700195,320.500000,0.000000,357.994995,85.995003,700.0);// (searock04) (1)
CreateObject(1260,-1979.800049,-1560.400024,107.300003,0.000000,0.000000,166.500000,700.0);// (BillBd3) (1)
CreateObject(17031,-2062.800049,-1526.800049,125.400002,0.000000,2.000000,0.000000,700.0);// (cunt_rockgp2_13) (2)
CreateObject(11088,-2014.099609,-1551.299805,92.300003,0.000000,0.000000,90.000000,700.0);// (CF_ext_dem_SFS) (2)
CreateObject(17950,-1984.400391,-1519.799805,84.599998,0.000000,0.000000,90.000000,700.0);// (cjsaveg) (19)
CreateObject(17950,-1993.199951,-1519.800049,84.599998,0.000000,0.000000,90.000000,700.0);// (cjsaveg) (27)
CreateObject(17950,-2002.000000,-1519.800049,84.599998,0.000000,0.000000,90.000000,700.0);// (cjsaveg) (30)
CreateObject(17950,-2010.800049,-1519.800049,84.599998,0.000000,0.000000,90.000000,700.0);// (cjsaveg) (32)
CreateObject(2886,-1987.583984,-1522.653320,89.225349,0.000000,0.000000,0.000000,700.0);// (sec_keypad) (2)
CreateObject(2886,-2005.000000,-1522.699951,89.199997,0.000000,0.000000,180.000000,700.0);// (sec_keypad) (3)
CreateObject(3280,-1995.099976,-1524.000000,96.699997,0.000000,0.000000,0.000000,700.0);// (a51_panel) (25)
CreateObject(3280,-1995.099976,-1525.599976,96.699997,0.000000,0.000000,0.000000,700.0);// (a51_panel) (27)
CreateObject(3280,-1995.099976,-1527.199951,96.699997,0.000000,0.000000,0.000000,700.0);// (a51_panel) (28)
CreateObject(3280,-1995.099976,-1528.799927,96.699997,0.000000,0.000000,0.000000,700.0);// (a51_panel) (29)
CreateObject(3280,-1995.099976,-1530.399902,96.699997,0.000000,0.000000,0.000000,700.0);// (a51_panel) (31)
CreateObject(3280,-1995.099976,-1531.999878,96.699997,0.000000,0.000000,0.000000,700.0);// (a51_panel) (32)
CreateObject(3280,-1995.099976,-1533.599854,96.699997,0.000000,0.000000,0.000000,700.0);// (a51_panel) (33)
CreateObject(3280,-1995.099976,-1535.199829,96.699997,0.000000,0.000000,0.000000,700.0);// (a51_panel) (50)
CreateObject(3280,-1995.099976,-1536.799805,96.699997,0.000000,0.000000,0.000000,700.0);// (a51_panel) (52)
CreateObject(3280,-1995.099976,-1538.399780,96.699997,0.000000,0.000000,0.000000,700.0);// (a51_panel) (53)
CreateObject(3280,-1995.099609,-1540.000000,96.699997,0.000000,0.000000,0.000000,700.0);// (a51_panel) (54)
CreateObject(3280,-1995.099609,-1541.599609,96.699997,0.000000,0.000000,0.000000,700.0);// (a51_panel) (56)
CreateObject(3280,-1995.099609,-1543.199219,96.699997,0.000000,0.000000,0.000000,700.0);// (a51_panel) (57)
CreateObject(3280,-1995.099609,-1544.798828,96.699997,0.000000,0.000000,0.000000,700.0);// (a51_panel) (58)
CreateObject(3280,-1995.099609,-1546.398438,96.699997,0.000000,0.000000,0.000000,700.0);// (a51_panel) (76)
CreateObject(3280,-1995.099609,-1547.998047,96.699997,0.000000,0.000000,0.000000,700.0);// (a51_panel) (77)
CreateObject(3280,-1995.099609,-1549.597656,96.699997,0.000000,0.000000,0.000000,700.0);// (a51_panel) (78)
CreateObject(3280,-1995.099609,-1551.197266,96.699997,0.000000,0.000000,0.000000,700.0);// (a51_panel) (79)
CreateObject(3280,-1995.099609,-1552.796875,96.699997,0.000000,0.000000,0.000000,700.0);// (a51_panel) (82)
CreateObject(3280,-1995.099609,-1554.396484,96.699997,0.000000,0.000000,0.000000,700.0);// (a51_panel) (83)
CreateObject(3280,-1995.099609,-1555.996094,96.699997,0.000000,0.000000,0.000000,700.0);// (a51_panel) (101)
CreateObject(3280,-1995.099609,-1557.595703,96.699997,0.000000,0.000000,0.000000,700.0);// (a51_panel) (102)
CreateObject(3280,-1995.099609,-1559.195313,96.699997,0.000000,0.000000,0.000000,700.0);// (a51_panel) (103)
CreateObject(3280,-1995.099609,-1560.794922,96.699997,0.000000,0.000000,0.000000,700.0);// (a51_panel) (104)
CreateObject(3280,-1995.099609,-1562.394531,96.699997,0.000000,0.000000,0.000000,700.0);// (a51_panel) (107)
CreateObject(3280,-1995.099609,-1563.994141,96.699997,0.000000,0.000000,0.000000,700.0);// (a51_panel) (108)
CreateObject(3280,-1995.099609,-1565.593750,96.699997,0.000000,0.000000,0.000000,700.0);// (a51_panel) (111)
CreateObject(3280,-1995.099609,-1567.193359,96.699997,0.000000,0.000000,0.000000,700.0);// (a51_panel) (112)
CreateObject(3280,-1995.099609,-1568.792969,96.699997,0.000000,0.000000,0.000000,700.0);// (a51_panel) (113)
CreateObject(3280,-1995.099609,-1570.392578,96.699997,0.000000,0.000000,0.000000,700.0);// (a51_panel) (114)
CreateObject(3280,-1995.099609,-1571.992188,96.699997,0.000000,0.000000,0.000000,700.0);// (a51_panel) (115)
CreateObject(3280,-1995.099609,-1573.591797,96.699997,0.000000,0.000000,0.000000,700.0);// (a51_panel) (116)
CreateObject(16645,-1992.299805,-1522.900391,95.400002,90.000000,0.000000,179.994995,700.0);// (a51_ventsouth01) (9)
CreateObject(1829,-2006.000000,-1563.900024,88.199997,0.000000,0.000000,90.000000,700.0);// (man_safenew) (4)
CreateObject(1800,-1996.900024,-1564.800049,87.400002,0.000000,0.000000,0.000000,700.0);// (LOW_BED_1) (2)
CreateObject(17951,-2011.199951,-1522.900024,91.900002,0.000000,0.000000,90.000000,700.0);// (cjgaragedoor) (1)
CreateObject(1687,-1992.299805,-1573.799805,94.400002,270.000000,0.000000,0.000000,700.0);// (gen_roofbit1) (5)
CreateObject(1738,-1998.800049,-1523.500000,87.599998,0.000000,0.000000,0.000000,700.0);// (CJ_Radiator_old) (1)
CreateObject(1738,-1995.900024,-1574.199951,87.599998,0.000000,0.000000,0.000000,700.0);// (CJ_Radiator_old) (2)
CreateObject(1738,-2006.500000,-1574.300049,87.599998,0.000000,0.000000,0.000000,700.0);// (CJ_Radiator_old) (3)
CreateObject(3280,-2010.699829,-1524.099976,91.099998,0.000000,0.000000,0.000000,700.0);// (a51_panel) (128)
CreateObject(3280,-2012.299805,-1524.099976,91.099998,0.000000,0.000000,0.000000,700.0);// (a51_panel) (129)
CreateObject(3280,-2013.899780,-1524.099976,91.099998,0.000000,0.000000,0.000000,700.0);// (a51_panel) (130)
CreateObject(3280,-2010.700195,-1525.700195,91.099998,0.000000,0.000000,0.000000,700.0);// (a51_panel) (138)
CreateObject(3280,-2012.299805,-1525.699951,91.099998,0.000000,0.000000,0.000000,700.0);// (a51_panel) (139)
CreateObject(3280,-2013.899780,-1525.699951,91.099998,0.000000,0.000000,0.000000,700.0);// (a51_panel) (140)
CreateObject(8572,-1994.099609,-1527.099609,89.199997,0.000000,0.000000,90.000000,700.0);// (vgsSstairs02_lvs) (1)
CreateObject(1448,-2006.500000,-1564.000000,87.699997,0.000000,0.000000,0.000000,700.0);// (DYN_CRATE_1) (1)
CreateObject(12990,-2497.199951,-1131.900024,180.399994,344.010010,357.919006,57.426998,700.0);// (sw_jetty) (1)
CreateObject(17030,-1993.699951,-1495.500000,77.199997,0.000000,0.000000,154.000000,700.0);// (cunt_rockgp2_11) (7)
CreateObject(9339,-2008.500000,-1523.900024,91.000000,0.000000,270.000000,90.000000,700.0);// (SFNvilla001_CM) (2)
CreateObject(9339,-2008.500000,-1525.300049,91.000000,0.000000,270.000000,90.000000,700.0);// (SFNvilla001_CM) (3)
CreateObject(9339,-2008.500000,-1526.699951,91.000000,0.000000,270.000000,90.000000,700.0);// (SFNvilla001_CM) (4)
CreateObject(970,-1997.599976,-1527.300049,91.599998,0.000000,0.000000,0.000000,700.0);// (fencesmallb) (3)
CreateObject(970,-2001.800049,-1527.300049,91.599998,0.000000,0.000000,0.000000,700.0);// (fencesmallb) (4)
CreateObject(970,-2006.000000,-1527.300049,91.599998,0.000000,0.000000,0.000000,700.0);// (fencesmallb) (5)
CreateObject(970,-2010.199951,-1527.300049,91.599998,0.000000,0.000000,0.000000,700.0);// (fencesmallb) (6)
CreateObject(2198,-2003.400024,-1523.800049,91.099998,0.000000,0.000000,0.000000,700.0);// (MED_OFFICE2_DESK_3) (1)
CreateObject(1714,-1997.400024,-1525.000000,87.000000,0.000000,0.000000,162.000000,700.0);// (kb_swivelchair1) (1)
CreateObject(1687,-1981.300049,-1546.900024,93.699997,0.000000,270.000000,0.000000,700.0);// (gen_roofbit1) (7)
CreateObject(2951,-2005.500000,-1523.000000,88.300003,0.000000,270.000000,0.000000,700.0);// (a51_labdoor) (2)
CreateObject(16641,-2014.099976,-1567.199951,88.500000,0.000000,0.000000,257.994995,700.0);// (des_a51warheads) (11)
CreateObject(16641,-2014.000000,-1568.500000,91.500000,0.000000,0.000000,269.992004,700.0);// (des_a51warheads) (12)
CreateObject(17950,-1975.599976,-1519.800049,84.599998,0.000000,0.000000,90.000000,700.0);// (cjsaveg) (35)
CreateObject(17950,-1975.699951,-1526.900024,84.599998,0.000000,0.000000,90.000000,700.0);// (cjsaveg) (42)
CreateObject(2690,-1995.199951,-1540.500000,88.599998,0.000000,0.000000,0.000000,700.0);// (CJ_FIRE_EXT) (1)
CreateObject(2165,-1997.500000,-1524.000000,87.000000,0.000000,0.000000,0.000000,700.0);// (MED_OFFICE_DESK_1) (1)
CreateObject(1714,-2002.799805,-1525.099609,91.199997,0.000000,0.000000,161.998993,700.0);// (kb_swivelchair1) (2)
CreateObject(868,-1987.400024,-1552.900024,87.699997,0.000000,0.000000,0.000000,700.0);// (p_rubble05col) (1)
CreateObject(850,-1991.900024,-1559.699951,87.099998,0.000000,0.000000,0.000000,700.0);// (CJ_urb_rub_1) (1)
CreateObject(852,-1979.000000,-1528.000000,86.900002,0.000000,0.000000,0.000000,700.0);// (CJ_urb_rub_4) (1)
CreateObject(2206,-1993.000000,-1537.400024,87.000000,0.000000,0.000000,270.000000,700.0);// (MED_OFFICE8_DESK_02) (2)
CreateObject(1714,-1994.599976,-1538.400024,87.000000,0.000000,0.000000,95.999001,700.0);// (kb_swivelchair1) (3)
CreateObject(2190,-1992.699951,-1537.500000,87.900002,0.000000,0.000000,294.000000,700.0);// (PC_1) (2)
CreateObject(2191,-2001.300049,-1523.900024,91.099998,0.000000,0.000000,0.000000,700.0);// (MED_OFFICE2_CAB) (1)
CreateObject(2191,-2007.400024,-1523.900024,91.099998,0.000000,0.000000,0.000000,700.0);// (MED_OFFICE2_CAB) (2)
CreateObject(3077,-1987.900024,-1524.400024,86.900002,0.000000,0.000000,0.000000,700.0);// (nf_blackboard) (2)
CreateObject(17030,-2065.099609,-1432.700195,101.000000,0.000000,37.995998,0.000000,700.0);// (cunt_rockgp2_11) (8)
CreateObject(3361,-2047.500000,-1440.900024,110.400002,0.000000,0.000000,46.000000,700.0);// (cxref_woodstair) (6)
CreateObject(3361,-2041.900024,-1440.500000,106.300003,0.000000,0.000000,315.500000,700.0);// (cxref_woodstair) (7)
CreateObject(3361,-2036.000000,-1446.199951,102.199997,0.000000,0.000000,315.500000,700.0);// (cxref_woodstair) (13)
CreateObject(3361,-2030.199951,-1451.900024,98.099998,0.000000,0.000000,315.500000,700.0);// (cxref_woodstair) (15)
CreateObject(3361,-2024.400024,-1457.599976,93.900002,0.000000,0.000000,315.500000,700.0);// (cxref_woodstair) (18)
CreateObject(3361,-2018.599976,-1463.199951,90.000000,0.000000,0.000000,315.500000,700.0);// (cxref_woodstair) (27)
CreateObject(3361,-2012.699951,-1468.900024,85.900002,0.000000,0.000000,315.500000,700.0);// (cxref_woodstair) (28)
CreateObject(3361,-2054.399414,-1447.900391,110.400002,0.000000,0.000000,224.994995,700.0);// (cxref_woodstair) (29)
CreateObject(17030,-2049.099609,-1466.900391,86.500000,0.000000,37.991001,83.996002,700.0);// (cunt_rockgp2_11) (9)
CreateObject(17950,-1978.500000,-1578.500000,84.599998,0.000000,0.000000,270.000000,700.0);// (cjsaveg) (43)
CreateObject(17950,-1987.300049,-1578.500000,84.599998,0.000000,0.000000,270.000000,700.0);// (cjsaveg) (44)
CreateObject(17950,-1996.100098,-1578.500000,84.599998,0.000000,0.000000,270.000000,700.0);// (cjsaveg) (45)
CreateObject(17950,-2004.900146,-1578.500000,84.599998,0.000000,0.000000,270.000000,700.0);// (cjsaveg) (46)
CreateObject(17950,-2013.700195,-1578.500000,84.599998,0.000000,0.000000,270.000000,700.0);// (cjsaveg) (47)
CreateObject(16641,-1979.500000,-1556.400024,88.400002,0.000000,0.000000,357.992004,700.0);// (des_a51warheads) (13)
CreateObject(3214,-2393.100098,-2005.000000,274.500000,0.000000,0.000000,0.000000,700.0);// (quarry_crusher) (1)
CreateObject(16075,-2411.600098,-1913.900024,310.700012,0.000000,0.000000,14.000000,700.0);// (des_quarrybelt07) (1)
CreateObject(16076,-2413.699951,-1965.900024,306.500000,0.000000,0.000000,162.000000,700.0);// (des_sorter01) (1)
CreateObject(18310,-2336.700195,-1968.700195,241.899994,0.000000,0.000000,258.992004,700.0);// (cs_landbit_21) (3)
CreateObject(1426,-2371.100098,-1905.400024,309.500000,0.000000,0.000000,0.000000,700.0);// (DYN_SCAFFOLD) (4)
CreateObject(18310,-2384.600098,-1959.300049,241.899994,0.000000,0.000000,258.992004,700.0);// (cs_landbit_21) (4)
CreateObject(3502,-2362.000000,-1909.400024,307.700012,0.000000,0.000000,296.000000,700.0);// (vgsN_con_tube) (1)
CreateObject(3502,-2354.699951,-1909.900024,310.100006,80.000000,90.000000,180.000000,700.0);// (vgsN_con_tube) (2)
CreateObject(3502,-2354.899902,-1913.400024,306.700012,355.500000,0.000000,279.998993,700.0);// (vgsN_con_tube) (3)
CreateObject(8879,-2385.199951,-1910.699951,311.799988,0.000000,0.000000,302.000000,700.0);// (vgsEcnstrct08) (1)
CreateObject(8879,-2345.699951,-1916.000000,309.399994,9.925000,7.107000,8.767000,700.0);// (vgsEcnstrct08) (2)
CreateObject(17950,-2393.300049,-1986.500000,258.299988,0.000000,0.000000,179.994995,700.0);// (cjsaveg) (56)
CreateObject(17950,-2393.300049,-1986.500000,253.800003,0.000000,0.000000,179.994995,700.0);// (cjsaveg) (57)
CreateObject(17065,-2391.500000,-2002.699951,264.500000,0.000000,0.000000,0.000000,700.0);// (cw2_garagecanopy) (1)
CreateObject(17030,-2363.699951,-2000.099976,246.899994,337.467010,44.088001,234.354996,700.0);// (cunt_rockgp2_11) (19)
CreateObject(17030,-2394.600098,-1978.099976,256.399994,337.462006,44.083000,158.348999,700.0);// (cunt_rockgp2_11) (22)
CreateObject(17030,-2375.699951,-1989.199951,246.899994,338.903015,48.102001,151.843994,700.0);// (cunt_rockgp2_11) (23)
CreateObject(3529,-2387.000000,-2007.500000,260.299988,0.000000,0.000000,0.000000,700.0);// (vgsN_constrbeam) (2)
CreateObject(3529,-2387.000000,-1999.800049,260.299988,0.000000,0.000000,0.000000,700.0);// (vgsN_constrbeam) (3)
CreateObject(16073,-2393.100098,-2020.199951,268.600006,0.000000,0.000000,142.000000,700.0);// (des_quarrybelt03) (1)
CreateObject(3529,-2318.699951,-1971.300049,304.299988,0.000000,0.000000,44.000000,700.0);// (vgsN_constrbeam) (5)
CreateObject(3529,-2392.800049,-2028.099976,257.399994,0.000000,0.000000,0.000000,700.0);// (vgsN_constrbeam) (6)
CreateObject(3529,-2392.800049,-2028.099976,252.500000,0.000000,0.000000,0.000000,700.0);// (vgsN_constrbeam) (7)
CreateObject(3529,-2392.800049,-2028.099976,247.600006,0.000000,0.000000,0.000000,700.0);// (vgsN_constrbeam) (8)
CreateObject(3529,-2392.800049,-2028.099976,242.500000,0.000000,0.000000,0.000000,700.0);// (vgsN_constrbeam) (9)
CreateObject(3529,-2392.800049,-2028.099976,237.800003,0.000000,0.000000,0.000000,700.0);// (vgsN_constrbeam) (10)
CreateObject(16305,-2394.500000,-2091.300049,123.300003,3.960000,33.591000,283.373993,700.0);// (des_gravelpile06) (1)
CreateObject(17030,-2460.199951,-1965.900024,221.699997,8.818000,28.356001,249.268997,700.0);// (cunt_rockgp2_11) (24)
CreateObject(16303,-2289.600098,-1944.599976,265.500000,0.000000,324.000000,204.000000,700.0);// (des_quarryramp01) (1)
CreateObject(16303,-2393.800049,-1971.900024,295.600006,0.000000,2.000000,285.996002,700.0);// (des_quarryramp01) (4)
CreateObject(16303,-2394.500000,-1971.800049,289.899994,0.000000,2.000000,285.990997,700.0);// (des_quarryramp01) (5)
CreateObject(1437,-2379.100098,-1991.199951,292.899994,344.750000,0.000000,0.000000,700.0);// (DYN_LADDER_2) (2)
CreateObject(1437,-2379.100098,-1993.800049,287.600006,343.744995,0.000000,0.000000,700.0);// (DYN_LADDER_2) (3)
CreateObject(1437,-2379.100098,-1996.500000,282.100006,343.739990,0.000000,0.000000,700.0);// (DYN_LADDER_2) (4)
CreateObject(1437,-2379.100098,-1999.199951,276.600006,343.739990,0.000000,0.000000,700.0);// (DYN_LADDER_2) (5)
CreateObject(1437,-2379.100098,-2001.900024,271.100006,343.739990,0.000000,0.000000,700.0);// (DYN_LADDER_2) (6)
CreateObject(1437,-2379.100098,-2004.599976,265.600006,343.739990,0.000000,0.000000,700.0);// (DYN_LADDER_2) (7)
CreateObject(1437,-2379.100098,-2007.199951,260.299988,343.739990,0.000000,0.000000,700.0);// (DYN_LADDER_2) (8)
CreateObject(2633,-2367.500000,-1893.900024,320.000000,0.000000,0.000000,189.750000,700.0);// (crack_walkway1) (13)
CreateObject(2633,-2363.300049,-1893.199951,320.000000,0.000000,0.000000,189.744995,700.0);// (crack_walkway1) (14)
CreateObject(2633,-2359.100098,-1892.500000,320.000000,0.000000,0.000000,189.744995,700.0);// (crack_walkway1) (15)
CreateObject(2633,-2354.899902,-1891.800049,320.000000,0.000000,0.000000,189.744995,700.0);// (crack_walkway1) (16)
CreateObject(2633,-2371.699951,-1894.599976,320.000000,0.000000,0.000000,189.744995,700.0);// (crack_walkway1) (17)
CreateObject(2633,-2375.800049,-1895.300049,320.000000,0.000000,0.000000,189.744995,700.0);// (crack_walkway1) (19)
CreateObject(2633,-2380.000000,-1896.000000,320.000000,0.000000,0.000000,189.744995,700.0);// (crack_walkway1) (20)
CreateObject(1383,-2449.099609,-1907.500000,337.700012,0.000000,0.000000,0.000000,700.0);// (TwrCrane_M_04) (1)
CreateObject(1384,-2449.399902,-1907.500000,369.700012,0.000000,0.000000,268.000000,700.0);// (TwrCrane_M_01) (1)
CreateObject(7017,-2383.000000,-1875.699951,299.500000,0.000000,0.000000,273.994995,700.0);// (circusconstruct07) (3)
CreateObject(7017,-2456.500000,-1875.800049,305.600006,0.000000,0.000000,93.994003,700.0);// (circusconstruct07) (4)
CreateObject(16601,-2404.899902,-1972.500000,305.500000,0.000000,0.000000,338.000000,700.0);// (by_fuel07) (4)
CreateObject(16072,-2428.100098,-1939.500000,310.799988,0.000000,0.000000,136.000000,700.0);// (des_quarrybelt01) (1)
CreateObject(16304,-2431.199951,-1925.000000,303.399994,0.000000,0.000000,0.000000,700.0);// (des_gravelpile05) (1)
CreateObject(16304,-2408.899902,-1906.300049,305.399994,0.000000,332.000000,106.000000,700.0);// (des_gravelpile05) (2)
CreateObject(16083,-2334.199951,-1953.000000,303.200012,0.000000,0.000000,286.000000,700.0);// (des_quarry_hopper01) (1)
CreateObject(3576,-2376.899902,-1909.400024,307.399994,0.000000,0.000000,0.000000,700.0);// (DockCrates2_LA) (4)
CreateObject(3630,-2428.300049,-1909.800049,307.399994,0.000000,0.000000,0.000000,700.0);// (crdboxes2_LAs) (1)
CreateObject(7017,-2484.100098,-1862.900024,301.500000,352.210999,346.623993,56.146000,700.0);// (circusconstruct07) (6)
CreateObject(1412,-2502.500000,-1891.300049,298.799988,0.000000,346.623993,58.146000,700.0);// (DYN_MESH_2) (1)
CreateObject(1412,-2499.800049,-1887.000000,300.000000,0.000000,346.623993,58.145000,700.0);// (DYN_MESH_2) (2)
CreateObject(1412,-2497.100098,-1882.699951,301.200012,0.000000,346.623993,58.145000,700.0);// (DYN_MESH_2) (10)
CreateObject(1412,-2494.399902,-1878.400024,302.399994,0.000000,346.623993,58.145000,700.0);// (DYN_MESH_2) (11)
CreateObject(1412,-2513.699951,-1906.599976,296.299988,0.000000,339.623993,46.145000,700.0);// (DYN_MESH_2) (12)
CreateObject(1412,-2517.000000,-1910.099609,294.299988,0.000000,339.619995,46.143002,700.0);// (DYN_MESH_2) (13)
CreateObject(16096,-2502.699951,-1892.699951,298.500000,0.000000,355.000000,50.000000,700.0);// (des_a51guardbox04) (1)
CreateObject(3576,-2417.100098,-1916.000000,306.399994,0.000000,0.000000,26.000000,700.0);// (DockCrates2_LA) (5)
CreateObject(968,-2504.100098,-1895.900024,297.600006,0.000000,356.000000,62.000000,700.0);// (barrierturn) (1)
CreateObject(3529,-2504.000000,-1896.099976,295.200012,0.000000,0.000000,324.000000,700.0);// (vgsN_constrbeam) (11)
CreateObject(11292,-2354.000000,-1961.300049,303.000000,0.000000,0.000000,212.500000,700.0);// (gasstatiohut) (4)
CreateObject(11292,-2354.000000,-1961.300049,300.200012,0.000000,0.000000,212.498001,700.0);// (gasstatiohut) (5)
CreateObject(879,-2431.399902,-1894.900024,312.399994,319.971008,5.861000,184.427002,700.0);// (p_rubble04bcol) (1)
CreateObject(879,-2398.199951,-1892.699951,315.399994,308.743011,45.423000,200.186996,700.0);// (p_rubble04bcol) (2)
CreateObject(17030,-2470.800049,-1875.800049,294.899994,7.677000,343.841003,318.205994,700.0);// (cunt_rockgp2_11) (25)
CreateObject(9361,-2439.600098,-1909.199951,308.399994,0.000000,0.000000,316.000000,700.0);// (boatoffice_sfn) (3)
CreateObject(1829,-2442.100098,-1906.900024,306.500000,0.000000,0.000000,0.000000,700.0);// (man_safenew) (5)
CreateObject(1800,-2357.699951,-1963.300049,301.600006,0.000000,0.000000,300.000000,700.0);// (LOW_BED_1) (3)
CreateObject(2167,-2441.100098,-1906.199951,306.000000,0.000000,0.000000,0.000000,700.0);// (MED_OFFICE_UNIT_7) (1)
CreateObject(2167,-2440.100098,-1906.199951,306.000000,0.000000,0.000000,0.000000,700.0);// (MED_OFFICE_UNIT_7) (2)
CreateObject(2167,-2439.100098,-1906.199951,306.000000,0.000000,0.000000,0.000000,700.0);// (MED_OFFICE_UNIT_7) (3)
CreateObject(2336,-2441.199951,-1910.300049,306.000000,0.000000,0.000000,181.000000,700.0);// (CJ_KITCH1_SINK) (2)
CreateObject(2165,-2437.500000,-1909.900024,306.100006,0.000000,0.000000,91.000000,700.0);// (MED_OFFICE_DESK_1) (3)
CreateObject(1714,-2436.100098,-1909.500000,306.100006,0.000000,0.000000,240.000000,700.0);// (kb_swivelchair1) (4)
CreateObject(2421,-2440.600098,-1910.599976,308.000000,0.000000,0.000000,180.000000,700.0);// (CJ_FF_MICROW) (1)
CreateObject(2338,-2443.199951,-1910.300049,306.000000,0.000000,0.000000,180.000000,700.0);// (CJ_KITCH1_CORNER) (1)
CreateObject(2147,-2443.100098,-1909.300049,306.000000,0.000000,0.000000,90.000000,700.0);// (CJ_KITCH1_FRIDGE) (1)
CreateObject(1808,-2440.300049,-1910.500000,306.000000,0.000000,0.000000,172.000000,700.0);// (CJ_WATERCOOLER2) (1)
CreateObject(2672,-2437.300049,-1907.699951,309.700012,0.000000,0.000000,0.000000,700.0);// (PROC_RUBBISH_4) (1)
CreateObject(1596,-2352.100098,-1961.000000,307.000000,0.000000,0.000000,322.000000,700.0);// (satdishsml) (1)
CreateObject(16073,-2322.300049,-1983.800049,322.399994,0.000000,20.000000,58.000000,700.0);// (des_quarrybelt03) (2)
CreateObject(3529,-2392.799805,-2028.099609,262.399994,0.000000,0.000000,0.000000,700.0);// (vgsN_constrbeam) (12)
CreateObject(3529,-2318.699951,-1971.300049,299.299988,0.000000,0.000000,43.994999,700.0);// (vgsN_constrbeam) (13)
CreateObject(16073,-2352.799805,-1968.000000,303.100006,0.000000,7.998000,271.993988,700.0);// (des_quarrybelt03) (3)
CreateObject(1426,-2346.000000,-1984.000000,326.100006,0.000000,0.000000,0.000000,700.0);// (DYN_SCAFFOLD) (5)
CreateObject(1426,-2342.100098,-1985.800049,326.299988,0.000000,0.000000,148.000000,700.0);// (DYN_SCAFFOLD) (6)
CreateObject(1358,-2335.899902,-1949.199951,300.000000,346.009003,2.061000,0.499000,700.0);// (CJ_SKIP_Rubbish) (1)
CreateObject(16073,-2324.299805,-1965.500000,310.799988,0.000000,0.000000,183.998993,700.0);// (des_quarrybelt03) (4)
CreateObject(3265,-2512.100098,-1905.000000,297.500000,0.000000,19.500000,234.000000,700.0);// (privatesign4) (4)
CreateObject(2528,-2351.600098,-1958.599976,301.799988,0.000000,0.000000,25.250000,700.0);// (CJ_TOILET3) (1)
CreateObject(16601,-2487.899902,-1885.400024,303.399994,7.995000,2.020000,323.718994,700.0);// (by_fuel07) (5)
CreateObject(16601,-2491.199951,-1889.500000,302.600006,7.993000,2.016000,323.717987,700.0);// (by_fuel07) (6)
CreateObject(1244,-2492.199951,-1892.599976,299.200012,0.000000,346.000000,62.000000,700.0);// (petrolpump) (1)
CreateObject(1437,-2446.500000,-1912.699951,304.799988,0.000000,0.000000,0.000000,700.0);// (DYN_LADDER_2) (9)
CreateObject(18310,-2402.000000,-1932.900024,262.000000,0.000000,0.000000,248.992004,700.0);// (cs_landbit_21) (5)
CreateObject(17030,-2067.699951,-1457.599976,101.000000,354.032990,353.963013,357.369995,700.0);// (cunt_rockgp2_11) (26)
CreateObject(3361,-2054.199951,-1453.500000,106.400002,0.000000,0.000000,320.000000,700.0);// (cxref_woodstair) (43)
CreateObject(3361,-2282.599609,-1343.200195,298.200012,0.000000,0.000000,337.494995,700.0);// (cxref_woodstair) (48)
CreateObject(17030,-2283.000000,-1348.400024,275.299988,13.135000,20.561001,307.128998,700.0);// (cunt_rockgp2_11) (3)
CreateObject(1224,-2329.600098,-1356.599976,299.399994,0.000000,0.000000,0.000000,700.0);// (woodenbox) (1)
CreateObject(3280,-2328.699951,-1348.900024,301.299988,0.000000,90.000000,284.243988,700.0);// (a51_panel) (117)
CreateObject(3280,-2328.699951,-1348.900024,299.700012,0.000000,90.000000,284.238007,700.0);// (a51_panel) (118)
CreateObject(3280,-2330.300049,-1349.300049,299.700012,0.000000,90.000000,284.238007,700.0);// (a51_panel) (119)
CreateObject(3280,-2330.300049,-1349.300049,301.299988,0.000000,90.000000,284.238007,700.0);// (a51_panel) (120)
CreateObject(3280,-2331.900146,-1349.700073,301.299988,0.000000,90.000000,284.233002,700.0);// (a51_panel) (121)
CreateObject(3280,-2333.500244,-1350.100098,301.299988,0.000000,90.000000,284.226990,700.0);// (a51_panel) (122)
CreateObject(3280,-2335.100342,-1350.500122,301.299988,0.000000,90.000000,284.221985,700.0);// (a51_panel) (123)
CreateObject(3280,-2336.700439,-1350.900146,301.299988,0.000000,90.000000,284.216003,700.0);// (a51_panel) (124)
CreateObject(3280,-2338.300537,-1351.300171,301.299988,0.000000,90.000000,284.210999,700.0);// (a51_panel) (125)
CreateObject(3280,-2339.900635,-1351.700195,301.299988,0.000000,90.000000,284.204987,700.0);// (a51_panel) (126)
CreateObject(3280,-2341.500732,-1352.100220,301.299988,0.000000,90.000000,284.200012,700.0);// (a51_panel) (127)
CreateObject(3280,-2343.100830,-1352.500244,301.299988,0.000000,90.000000,284.194000,700.0);// (a51_panel) (131)
CreateObject(3280,-2344.700928,-1352.900269,301.299988,0.000000,90.000000,284.188995,700.0);// (a51_panel) (132)
CreateObject(3280,-2346.301025,-1353.300293,301.299988,0.000000,90.000000,284.183014,700.0);// (a51_panel) (133)
CreateObject(3280,-2347.901123,-1353.700317,301.299988,0.000000,90.000000,284.178009,700.0);// (a51_panel) (134)
CreateObject(3280,-2349.501221,-1354.100342,301.299988,0.000000,90.000000,284.171997,700.0);// (a51_panel) (135)
CreateObject(3280,-2351.101318,-1354.500366,301.299988,0.000000,90.000000,284.166992,700.0);// (a51_panel) (136)
CreateObject(3280,-2352.701416,-1354.900391,301.299988,0.000000,90.000000,284.161011,700.0);// (a51_panel) (137)
CreateObject(3280,-2354.301514,-1355.300415,301.299988,0.000000,90.000000,284.156006,700.0);// (a51_panel) (141)
CreateObject(3280,-2331.900146,-1349.700073,299.700012,0.000000,90.000000,284.238007,700.0);// (a51_panel) (142)
CreateObject(3280,-2333.500244,-1350.100098,299.700012,0.000000,90.000000,284.238007,700.0);// (a51_panel) (143)
CreateObject(3280,-2335.100342,-1350.500122,299.700012,0.000000,90.000000,284.238007,700.0);// (a51_panel) (144)
CreateObject(3280,-2336.700439,-1350.900146,299.700012,0.000000,90.000000,284.238007,700.0);// (a51_panel) (145)
CreateObject(3280,-2338.300537,-1351.300171,299.700012,0.000000,90.000000,284.238007,700.0);// (a51_panel) (146)
CreateObject(3280,-2339.900635,-1351.700195,299.700012,0.000000,90.000000,284.238007,700.0);// (a51_panel) (147)
CreateObject(3280,-2341.500732,-1352.100220,299.700012,0.000000,90.000000,284.238007,700.0);// (a51_panel) (148)
CreateObject(3280,-2343.100830,-1352.500244,299.700012,0.000000,90.000000,284.238007,700.0);// (a51_panel) (149)
CreateObject(3280,-2344.700928,-1352.900269,299.700012,0.000000,90.000000,284.238007,700.0);// (a51_panel) (150)
CreateObject(3280,-2346.301025,-1353.300293,299.700012,0.000000,90.000000,284.238007,700.0);// (a51_panel) (151)
CreateObject(3280,-2347.901123,-1353.700317,299.700012,0.000000,90.000000,284.238007,700.0);// (a51_panel) (152)
CreateObject(3280,-2349.501221,-1354.100342,299.700012,0.000000,90.000000,284.238007,700.0);// (a51_panel) (153)
CreateObject(3280,-2351.101318,-1354.500366,299.700012,0.000000,90.000000,284.238007,700.0);// (a51_panel) (154)
CreateObject(3280,-2352.701416,-1354.900391,299.700012,0.000000,90.000000,284.238007,700.0);// (a51_panel) (155)
CreateObject(3280,-2354.301758,-1355.300781,299.700012,0.000000,90.000000,284.238007,700.0);// (a51_panel) (156)
CreateObject(3280,-2355.899902,-1355.699951,299.700012,0.000000,90.000000,284.238007,700.0);// (a51_panel) (157)
CreateObject(3280,-2355.899902,-1355.699951,301.299988,0.000000,90.000000,284.238007,700.0);// (a51_panel) (158)
CreateObject(3280,-2357.500000,-1356.099976,299.700012,0.000000,90.000000,284.238007,700.0);// (a51_panel) (159)
CreateObject(3280,-2357.500000,-1356.099976,301.299988,0.000000,90.000000,284.238007,700.0);// (a51_panel) (160)
CreateObject(3280,-2357.800049,-1357.500000,299.700012,0.000000,90.000000,194.229996,700.0);// (a51_panel) (161)
CreateObject(3280,-2357.800049,-1357.500000,301.299988,0.000000,90.000000,194.227005,700.0);// (a51_panel) (162)
CreateObject(3280,-2357.399902,-1359.099976,299.700012,0.000000,90.000000,194.227005,700.0);// (a51_panel) (163)
CreateObject(3280,-2357.399902,-1359.099976,301.299988,0.000000,90.000000,194.227005,700.0);// (a51_panel) (164)
CreateObject(3280,-2356.999756,-1360.699951,301.299988,0.000000,90.000000,194.227005,700.0);// (a51_panel) (165)
CreateObject(3280,-2356.599609,-1362.299927,301.299988,0.000000,90.000000,194.227005,700.0);// (a51_panel) (166)
CreateObject(3280,-2356.199463,-1363.899902,301.299988,0.000000,90.000000,194.227005,700.0);// (a51_panel) (167)
CreateObject(3280,-2353.798584,-1373.499756,301.299988,0.000000,90.000000,194.227005,700.0);// (a51_panel) (173)
CreateObject(3280,-2353.398438,-1375.099731,301.299988,0.000000,90.000000,194.227005,700.0);// (a51_panel) (174)
CreateObject(3280,-2356.999756,-1360.699951,299.700012,0.000000,90.000000,194.225006,700.0);// (a51_panel) (175)
CreateObject(3280,-2356.599609,-1362.299927,299.700012,0.000000,90.000000,194.222000,700.0);// (a51_panel) (176)
CreateObject(3280,-2356.199463,-1363.899902,299.700012,0.000000,90.000000,194.218994,700.0);// (a51_panel) (177)
CreateObject(3280,-2353.798584,-1373.499756,299.700012,0.000000,90.000000,194.203003,700.0);// (a51_panel) (183)
CreateObject(3280,-2353.398438,-1375.099731,299.700012,0.000000,90.000000,194.199997,700.0);// (a51_panel) (184)
CreateObject(2185,-2346.300049,-1361.500000,298.700012,0.000000,0.000000,0.000000,700.0);// (MED_OFFICE6_DESK_1) (1)
