AddStaticVehicle(512,-2257.0000000,-1248.7002000,217.2000000,27.9990000,115,14); //Cropdust
AddStaticVehicle(469,-2416.6001000,-1370.3000000,333.0000000,286.0000000,32,32); //Seasparrow
AddStaticVehicle(428,-2115.6001000,-2411.7000000,31.5000000,232.0000000,38,55); //Securicar
AddStaticVehicle(470,-2470.7000000,-1396.3000000,342.2000100,294.0000000,95,10); //Patriot
AddStaticVehicle(470,-2435.7998000,-1379.9004000,334.7000100,294.0000000,95,10); //Patriot
AddStaticVehicle(470,-2452.5000000,-1387.9004000,338.7999900,294.0000000,95,10); //Patriot
AddStaticVehicle(470,-2308.6001000,-1260.0000000,245.0000000,294.0000000,95,10); //Patriot
AddStaticVehicle(432,-2225.5000000,-1360.1000000,278.8999900,0.0000000,95,10); //Rhino
AddStaticVehicle(495,-2380.8999000,-2092.8999000,118.3000000,86.0000000,109,40); //Sandking
AddStaticVehicle(510,-2355.7000000,-1921.0000000,302.3999900,0.0000000,134,68); //Mountain Bike
AddStaticVehicle(510,-2391.2002000,-1949.2998000,304.0000000,0.0000000,134,68); //Mountain Bike
AddStaticVehicle(495,-2214.7998000,-1955.4004000,246.0000000,0.0000000,109,40); //Sandking
AddStaticVehicle(495,-2233.0996000,-1967.5000000,247.5000000,0.0000000,109,40); //Sandking
AddStaticVehicle(479,-2802.2000000,-1522.8000000,139.2000000,0.0000000,125,98); //Regina
AddStaticVehicle(489,-2798.3999000,-1523.7000000,139.6000100,0.0000000,155,139); //Rancher
AddStaticVehicle(500,-2791.7998000,-1542.0000000,140.0000000,319.7460000,115,46); //Mesa
AddStaticVehicle(414,-2787.8000000,-1503.0000000,138.7000000,100.0000000,63,62); //Mule
AddStaticVehicle(455,-2787.7000000,-1583.8000000,141.8999900,0.0000000,170,157); //Flatbed
AddStaticVehicle(401,-2804.8000000,-1614.1000000,141.3999900,265.5000000,57,90); //Bravura
AddStaticVehicle(531,-2788.0000000,-1511.8000000,138.8000000,0.0000000,101,106); //Tractor
AddStaticVehicle(487,-2341.0996000,-2001.0000000,325.9061300,0.0000000,39,47); //Maverick
AddStaticVehicle(497,-1979.0000000,-1461.8000000,87.5000000,0.0000000,-1,-1); //Police Maverick
AddStaticVehicle(450,-2414.2000000,-1961.0000000,304.0000000,72.0000000,245,245); //Trailer 2
AddStaticVehicle(406,-2393.5996000,-1987.5996000,306.0000000,0.0000000,245,245); //Dumper
AddStaticVehicle(486,-2371.1001000,-1959.4000000,302.7999900,0.0000000,245,245); //Dozer
AddStaticVehicle(495,-2033.9000000,-1507.8000000,125.8000000,0.0000000,68,98); //Sandking
AddStaticVehicle(495,-2042.6000000,-1508.2000000,125.8000000,58.0000000,68,98); //Sandking
AddStaticVehicle(490,-2024.2000000,-1507.7000000,125.6000000,0.0000000,-1,-1); //FBI Rancher

/*
Objects converted: 0
Vehicles converted: 28
Vehicle models found: 20
----------------------
In the time this conversion took to finish light could have travelled around the world 0.65 times!
*/

	AddStaticVehicle(402,-2507.2949,-2661.3745,41.6141,47.4363,110,110);
	AddStaticVehicle(489,-2226.7434,-2328.2502,30.7267,320.7235,112,120);
	AddStaticVehicle(489,-2222.2510,-2313.6255,30.7043,139.2188,84,110);
	AddStaticVehicle(492,-2237.1716,-2319.5217,30.1612,320.8835,81,27);
	AddStaticVehicle(416,-2202.5034,-2315.8738,30.7133,319.2146,1,3);
	AddStaticVehicle(437,-2183.7781,-2251.1504,30.7739,50.7582,47,74);
	AddStaticVehicle(439,-2195.2422,-2265.3093,30.5210,141.9245,67,8);
	AddStaticVehicle(468,-2119.6216,-2309.6587,30.2906,236.4014,46,46);
	AddStaticVehicle(468,-2090.2646,-2343.2664,30.2931,133.5882,46,46);
	AddStaticVehicle(478,-2139.3381,-2394.7605,30.5346,321.4478,39,1);
	AddStaticVehicle(403,-2000.1112,-2415.5122,31.5910,229.2187,42,76);
	AddStaticVehicle(578,-1969.7488,-2437.8750,31.2884,278.4375,1,1);
	AddStaticVehicle(483,-2047.1421,-2548.5454,30.6175,143.9577,1,5);
	AddStaticVehicle(496,-2090.5361,-2547.2097,30.3414,319.1863,22,22);
	AddStaticVehicle(499,-2147.2827,-2540.9390,30.6123,321.3171,30,44);
	AddStaticVehicle(507,-2198.5273,-2501.1497,30.4429,142.3857,42,42);
	AddStaticVehicle(508,-2238.4976,-2476.8638,31.5504,135.3413,1,1);
	AddStaticVehicle(525,-2201.8979,-2431.7083,30.5065,143.2419,18,20);
	AddStaticVehicle(542,-2208.8726,-2301.8511,30.3685,141.4184,24,118);
	AddStaticVehicle(468,-2408.1938,-2180.6550,32.9574,359.2591,46,46);
	AddStaticVehicle(468,-2408.5000,-2185.9998,32.9470,320.6251,46,46);
	AddStaticVehicle(468,-2404.6194,-2184.0007,32.9580,180.5767,46,46);
	AddStaticVehicle(468,-2410.8003,-2193.1538,32.9575,98.7390,46,46);
	AddStaticVehicle(468,-2383.4412,-2195.6008,32.9551,269.5914,46,46);
	AddStaticVehicle(421,-2232.4705,-2168.4863,40.0861,269.7545,60,72);
	AddStaticVehicle(586,-2211.9084,-2152.1482,44.5665,39.1714,32,1);
	AddStaticVehicle(586,-2341.5479,-1617.2042,483.2097,282.5971,32,1);
	AddStaticVehicle(483,-2343.2617,-1613.8766,483.6216,105.4733,17,0);
	AddStaticVehicle(508,-2338.5103,-1593.7384,483.9936,19.6733,1,1);
	AddStaticVehicle(542,-1903.3435,-1648.1373,21.4948,0.2053,119,113);
	AddStaticVehicle(543,-1884.3240,-1746.2726,21.5641,116.1925,11,11);
	AddStaticVehicle(568,-1425.6388,-1964.6725,16.7105,350.8758,21,1);
	AddStaticVehicle(568,-1422.0557,-1774.0085,46.2861,324.6743,21,1);
	AddStaticVehicle(424,-1642.4336,-2250.6626,31.2032,90.7391,3,2);
	AddStaticVehicle(471,-1623.8788,-1935.3231,98.1842,9.9608,120,113);
	AddStaticVehicle(471,-1423.5978,-1480.9163,101.1533,181.2331,120,113);
	AddStaticVehicle(478,-1446.1260,-1494.6138,101.7287,5.6246,20,1);
	AddStaticVehicle(468,-1460.7500,-1566.6244,101.4172,1.4063,3,3);
	AddStaticVehicle(455,-1921.1332,-1376.5702,40.8204,60.9558,43,31);
	AddStaticVehicle(568,-2675.9160,-2647.4185,8.6870,28.6794,21,1);
	AddStaticVehicle(527,-2504.5608,-2310.4421,14.8242,97.2619,81,1);
	AddStaticVehicle(543,-2522.9070,-2151.9607,30.3162,29.5732,67,8);
	AddStaticVehicle(568,-2675.9160,-2647.4185,8.6870,28.6794,21,1);
	AddStaticVehicle(487,-2249.4399,-1714.5770,480.3400,224.1963,26,3);
	AddStaticVehicle(500,-2390.3206,-1866.1573,405.1097,113.9224,25,119);
	AddStaticVehicle(533,-2096.2732,-1879.9227,110.1080,326.6144,79,1);
	AddStaticVehicle(540,-2515.5264,-1995.7284,166.3035,28.0149,7,7);
	AddStaticVehicle(554,-2669.3086,-1735.2327,252.3595,12.2743,53,32);
	AddStaticVehicle(559,-2590.5930,-1618.1426,343.4677,186.3544,2,1);
	AddStaticVehicle(579,-2106.7739,-1752.2147,195.3652,327.5763,53,53);
	AddStaticVehicle(595,-2819.6802,-2525.9888,0.4586,189.6302,112,20);
	AddStaticVehicle(453,-2741.3564,-2707.7283,0.1389,208.1954,56,56);
	AddStaticVehicle(484,-2548.1646,-2873.2219,0.3669,268.3289,40,26);
	AddStaticVehicle(484,-2476.8723,-2872.8672,0.4027,271.5837,40,26);
	AddStaticVehicle(473,-2251.1206,-2847.8003,-0.3512,165.8474,56,53);
	AddStaticVehicle(424,-2242.9829,-2821.8870,2.7472,94.0740,15,30);
	AddStaticVehicle(506,-1604.3470,-2709.3530,48.2387,54.1573,3,3);
	AddStaticVehicle(536,-1561.9785,-2720.5659,48.2750,234.6728,37,1);
	AddStaticVehicle(545,-1569.3097,-2733.4148,48.3547,326.8112,28,96);
	AddStaticVehicle(582,-1557.6207,-2741.3735,48.5990,146.9182,41,20);
	AddStaticVehicle(430,-1190.5161,-2686.8108,-0.2699,13.1617,46,26);
	AddStaticVehicle(478,-1220.1482,-2632.0308,9.9623,84.2916,59,1);
	AddStaticVehicle(473,-1249.5088,-2431.4194,-0.1994,349.6535,56,15);
	AddStaticVehicle(473,-1183.5031,-2138.8706,-0.2420,8.5587,56,15);
	AddStaticVehicle(446,-1429.5232,-2080.6206,-0.3127,148.7616,1,35);
	AddStaticVehicle(446,-1544.0499,-2232.3506,-0.5151,167.9522,1,35);
	AddStaticVehicle(453,-1639.3208,-1706.3165,-0.3042,73.0880,56,56);
	AddStaticVehicle(460,-2038.7720,-1314.9452,1.7166,80.6954,17,23);
	AddStaticVehicle(493,-2417.8992,-944.8141,-0.1597,61.3139,36,13);
	AddStaticVehicle(542,-2217.0332,-2407.2427,30.8341,232.1176,24,118);
	AddStaticVehicle(468,-2508.1077,-1892.6254,297.1185,25.0147,46,46);
	AddStaticVehicle(466,287.4403,-53.5151,1.3217,180.3743,62,34);
	AddStaticVehicle(422,109.2890,-150.6062,1.7835,182.5754,89,108);
	AddStaticVehicle(498,-196.8096,-232.7299,1.4901,90.5921,133,57);
	AddStaticVehicle(403,-199.9957,-285.4144,2.0351,90.5924,133,57);
	AddStaticVehicle(403,-200.2189,-275.2891,2.0383,91.6567,133,57);
	AddStaticVehicle(578,-194.7877,-196.3295,2.0529,257.8566,133,57);
	AddStaticVehicle(422,-169.0730,-202.1836,1.4064,257.8462,133,57);
	AddStaticVehicle(402,-39.7196,-377.4630,5.2613,180.2380,29,36);
	AddStaticVehicle(566,-9.5253,-377.6481,5.2111,178.0852,30,8);
	AddStaticVehicle(529,-0.4525,-353.8910,5.0621,269.4471,42,42);
	AddStaticVehicle(603,-62.5941,-324.9349,5.2677,90.3766,70,67);
	AddStaticVehicle(401,179.2976,-310.8240,1.3519,207.7475,47,47);
	AddStaticVehicle(445,319.0325,-126.0534,2.0656,90.7404,120,119);
	AddStaticVehicle(440,329.5297,-52.3254,1.6189,177.8881,32,32);
	AddStaticVehicle(458,319.1395,-84.5798,2.0518,91.7452,101,1);
	AddStaticVehicle(467,218.0327,-178.1497,1.3182,270.4043,58,8);
	AddStaticVehicle(475,218.7911,-173.3128,1.3817,270.2328,123,65);
	AddStaticVehicle(489,244.8729,-148.5339,1.7217,88.8350,14,123);
	AddStaticVehicle(492,247.1553,-129.2907,2.0627,90.8534,77,26);
	AddStaticVehicle(498,176.3295,-7.4976,1.6480,180.2088,105,113);
	AddStaticVehicle(439,278.4608,-54.8498,1.4740,359.8853,8,17);
	AddStaticVehicle(475,320.5600,-253.1715,1.3886,176.4384,17,1);
	AddStaticVehicle(524,312.2956,-251.1326,2.5129,175.4649,61,27);
	AddStaticVehicle(527,235.0123,-300.2693,1.2937,2.3086,53,1);
	AddStaticVehicle(536,213.0004,-244.5481,1.3203,272.8867,38,103);
	AddStaticVehicle(531,1077.2228,-288.7220,73.9531,358.7784,36,2);
	AddStaticVehicle(422,1112.7650,-306.5776,73.9655,267.5965,101,25);
	AddStaticVehicle(531,1067.0962,-288.6843,73.9569,2.3921,51,53);
	AddStaticVehicle(599,622.2627,-610.1340,17.3154,270.2242,0,1);
	AddStaticVehicle(599,622.2755,-606.0399,17.3060,269.8338,0,1);
	AddStaticVehicle(585,707.2459,-461.4757,15.9223,269.7682,91,35);
	AddStaticVehicle(500,667.6416,-461.4851,16.4435,268.6327,40,84);
	AddStaticVehicle(461,669.1239,-471.0320,15.9138,270.8030,37,1);
	AddStaticVehicle(542,668.1328,-546.3011,16.0794,269.8267,90,90);
	AddStaticVehicle(522,753.7540,-586.7284,16.9004,181.3295,36,105);
	AddStaticVehicle(549,748.6429,-581.7985,16.9131,269.3827,94,94);
	AddStaticVehicle(429,763.1589,-509.2891,16.8662,180.4318,127,44);
	AddStaticVehicle(547,786.0645,-498.4352,17.0708,3.0965,123,1);
	AddStaticVehicle(456,797.4796,-607.9578,16.5112,0.4182,84,63);
	AddStaticVehicle(554,751.6056,-553.2162,17.3698,180.8741,15,32);
	AddStaticVehicle(445,1396.5654,395.3847,19.6327,66.5844,47,47);
	AddStaticVehicle(559,1404.2180,411.9715,19.4141,67.1748,58,8);
	AddStaticVehicle(580,768.8481,348.3186,19.7428,190.0995,81,81);
	AddStaticVehicle(473,2103.2500,-98.4897,-0.2214,122.9253,56,53); 
	AddStaticVehicle(473,2108.5276,-106.2102,-0.2394,122.9441,56,15); 
	AddStaticVehicle(448,2323.3232,63.0302,26.0883,265.2746,3,6); 
	AddStaticVehicle(439,2358.1836,-62.4556,27.3646,179.8344,37,78); 
	AddStaticVehicle(436,2443.9980,-47.9166,26.9963,179.6730,87,1); 
	AddStaticVehicle(436,2503.7507,125.9338,26.2435,1.0102,92,1); 
	AddStaticVehicle(419,2493.9170,95.9780,26.2806,179.8299,47,76); 
	AddStaticVehicle(412,2549.9116,81.1802,26.3143,270.4565,10,8); 
	AddStaticVehicle(410,2551.1191,9.4253,26.6691,270.6199,9,1); 
	AddStaticVehicle(508,2502.7742,6.0906,27.5812,2.9588,1,1); 
	AddStaticVehicle(505,2380.9570,37.7925,27.1163,89.9017,120,123); 
	AddStaticVehicle(500,2211.6929,-88.3423,26.9028,88.7287,13,119); 
	AddStaticVehicle(496,2263.8970,-82.7569,26.2452,1.1014,66,72); 
	AddStaticVehicle(492,2257.5105,-83.1763,26.3074,359.2125,30,26); 
	AddStaticVehicle(405,2290.2622,155.5207,26.9788,0.1090,24,1); 
	AddStaticVehicle(532,1996.7520,175.8992,31.3614,79.7076,0,0); 
	AddStaticVehicle(532,1914.0114,192.1063,36.0155,358.2132,0,0); 
	AddStaticVehicle(478,1905.3486,174.1229,37.1748,341.5607,66,1); 
	AddStaticVehicle(549,1240.2759,214.9924,19.2519,243.7370,79,39);
	AddStaticVehicle(550,1367.7468,365.9338,20.3661,246.2637,15,15); 
	AddStaticVehicle(547,1289.3826,339.9178,19.2903,247.1900,123,1); 
	AddStaticVehicle(536,1231.7341,295.6075,19.2922,336.8393,57,96); 
	AddStaticVehicle(455,-580.8631,-64.8466,65.3632,3.7867,84,31); 
	AddStaticVehicle(468,-543.4543,-180.5744,78.0750,4.1580,53,53); 
	AddStaticVehicle(468,-541.5284,-180.6667,78.0747,0.2240,53,53); 
	AddStaticVehicle(471,-774.8654,-115.3844,64.6716,24.2185,120,112); 
	AddStaticVehicle(471,-771.7146,-113.4644,64.8308,26.8406,120,112); 
	AddStaticVehicle(532,-273.9301,-41.3983,3.4405,339.6638,0,0); 
	AddStaticVehicle(532,-127.1731,55.7261,4.0943,158.3291,0,0); 
	AddStaticVehicle(478,-137.3239,-48.9942,3.1078,342.2244,35,1); 
	AddStaticVehicle(475,1368.2947,476.2750,19.9363,335.9672,37,0); 
	AddStaticVehicle(475,2331.3064,133.1183,26.7203,270.6836,17,1); 
	AddStaticVehicle(482,2308.6682,-74.7184,26.5995,89.9092,48,48); 
	AddStaticVehicle(468,2208.6223,110.5543,27.0101,275.3439,53,53); 
	AddStaticVehicle(471,1923.8339,147.8248,36.7282,93.4718,103,111); 
	AddStaticVehicle(415,1586.3274,38.5556,24.6067,272.3959,25,1); 
	AddStaticVehicle(468,1547.5862,10.6921,23.7739,265.3787,3,3); 
	AddStaticVehicle(402,889.0992,-21.7845,63.1125,152.4678,13,13); 
	AddStaticVehicle(403,1207.5240,189.3297,20.9522,334.8106,37,1); 
	AddStaticVehicle(416,1249.8207,338.2164,19.6291,66.7975,1,3); 
	AddStaticVehicle(482,1335.0803,284.7404,19.6860,243.0011,52,52); 
	AddStaticVehicle(468,1414.2616,248.6772,19.2239,65.7798,6,6); 
	AddStaticVehicle(475,751.2299,277.2577,27.1364,199.6289,56,29); 
	AddStaticVehicle(468,747.8585,346.7843,20.1559,209.1134,6,6); 
	AddStaticVehicle(403,221.6420,30.1998,3.1849,186.4463,28,1); 
	AddStaticVehicle(525,157.2517,-166.2276,1.4527,90.9328,17,20); 
	AddStaticVehicle(532,20.7659,24.6322,4.0942,340.4432,0,0); 
	AddStaticVehicle(532,-6.4192,-11.1534,4.0939,163.1182,0,0); 
	AddStaticVehicle(460,-332.7806,-467.6667,1.6828,228.5235,1,9); 
	AddStaticVehicle(403,-564.8430,-473.1027,26.1267,178.3205,113,1); 
	AddStaticVehicle(415,-535.2667,-488.2196,25.2958,358.2053,40,1); 
	AddStaticVehicle(479,-499.9452,-472.3691,25.3184,178.8490,59,36); 
	AddStaticVehicle(482,-480.4370,-486.2536,25.6331,177.1059,64,64);
	AddStaticVehicle(599,-807.0116,-942.0936,104.6271,314.7196,0,1); 
	AddStaticVehicle(405,-589.3418,-1079.1355,23.3771,236.8904,24,1); 
	AddStaticVehicle(505,-569.3895,-1048.4032,24.0146,237.8018,14,123); 
	AddStaticVehicle(403,-349.3221,-1052.6652,59.4551,89.0788,14,123); 
	AddStaticVehicle(505,-388.6629,-1150.0758,69.5786,357.9839,14,123); 
	AddStaticVehicle(403,-76.0173,-1110.5597,1.0456,157.5384,36,2); 
	AddStaticVehicle(531,-41.9499,-1153.2262,1.0440,63.5908,36,2); 
	AddStaticVehicle(403,-39.6653,-1149.7799,1.0409,65.3597,36,2); 
	AddStaticVehicle(531,-82.1817,-1137.4266,1.0402,340.8923,36,2); 
	AddStaticVehicle(531,-85.4142,-1135.9938,1.0412,337.3026,36,2); 
	AddStaticVehicle(403,-184.4848,-1307.1466,5.7091,103.7043,36,2); 
	AddStaticVehicle(531,-367.7308,-1437.3649,25.6921,89.2236,36,2); 
	AddStaticVehicle(422,-587.1984,-1499.8407,10.1747,36.7555,97,25); 
	AddStaticVehicle(422,-657.5599,-1606.0066,25.1821,175.4014,97,25); 
	AddStaticVehicle(400,-495.5439,-1834.0343,17.7955,184.7055,101,1); 
	AddStaticVehicle(473,-512.5999,-1902.9431,5.0016,179.0171,56,53); 
	AddStaticVehicle(468,-655.3087,-1998.3328,26.7546,211.5583,46,46); 
	AddStaticVehicle(466,-841.4815,-2274.6650,20.8199,210.7536,68,76); 
	AddStaticVehicle(466,-714.6012,-2547.3081,50.9399,128.7565,68,76); 
	AddStaticVehicle(473,-485.8806,-2852.4319,-0.1373,248.4979,56,15); 
	AddStaticVehicle(473,-196.7365,-2925.3259,0.0006,269.7706,56,15); 
	AddStaticVehicle(473,-237.4600,-1794.3876,-0.1057,3.6694,56,15); 
	AddStaticVehicle(468,-271.2445,-1790.1851,10.9364,163.2745,3,3); 
	AddStaticVehicle(400,-379.1094,-2171.6399,46.6781,140.2350,62,1);  
	AddStaticVehicle(410,-1196.9539,-2364.4788,18.5773,236.2259,9,1); 
	AddStaticVehicle(532,-759.8405,-2458.4460,72.6366,319.4753,0,0); 
	AddStaticVehicle(400,-20.6879,-2498.1814,36.7408,122.2802,4,1); 
	AddStaticVehicle(400,-17.0690,-2520.2581,36.7478,213.8456,4,1); 
	AddStaticVehicle(410,-31.9095,-2493.5383,36.3036,194.0151,10,1); 
	AddStaticVehicle(599,-11.5140,-2512.1458,36.8428,121.2561,0,1); 
	AddStaticVehicle(489,20.0119,-2648.0332,40.6164,92.6500,112,120); 
	AddStaticVehicle(489,-186.1633,-2516.2021,31.3678,342.0027,112,120); 
	AddStaticVehicle(466,-384.6082,-2474.8984,102.4780,268.9366,25,76); 
	AddStaticVehicle(466,-485.5412,-2688.4248,152.3252,102.3787,25,76); 
	AddStaticVehicle(471,-765.0049,-2686.1196,83.7728,114.8461,120,112);   
	AddStaticVehicle(586,-1541.8571,-1342.7786,50.5056,14.3390,122,1); 
	AddStaticVehicle(586,-1029.8485,-638.6542,31.5280,93.4600,8,1); 
	AddStaticVehicle(586,-1006.8740,-674.1090,31.5279,275.2718,8,1); 
	AddStaticVehicle(400,-983.5594,-641.0239,32.1002,271.1476,101,1); 
	AddStaticVehicle(400,-1006.5243,-623.0823,32.1002,90.1122,101,1); 
	AddStaticVehicle(483,-1030.8571,-658.6420,32.0001,90.1086,1,31); 
	AddStaticVehicle(531,-940.2722,-498.2120,25.9274,256.5565,51,53); 
	AddStaticVehicle(531,-918.0818,-534.8812,25.9175,357.6102,51,53); 
	AddStaticVehicle(532,-1140.0840,-991.7651,130.1964,86.3863,0,0); 
	AddStaticVehicle(532,-1164.6876,-1057.4521,130.2022,277.3220,0,0); 
	AddStaticVehicle(466,-1407.8011,-1165.6597,103.0781,151.5499,78,76); 
	AddStaticVehicle(531,-1444.6823,-1496.3507,101.7242,183.6463,91,2); 
	AddStaticVehicle(531,-1417.1289,-1534.5874,101.7193,184.5565,91,2);
	AddStaticVehicle(531,-1451.8495,-1456.9764,101.7236,175.8479,91,2);  
	AddStaticVehicle(468,-219.3871,-906.6091,40.6608,186.4501,46,46); 
	AddStaticVehicle(471,-504.2122,-1660.6406,10.6085,43.9901,103,111); 
	AddStaticVehicle(468,-916.9662,-1459.5214,122.9255,13.1392,46,46); 
	AddStaticVehicle(468,-1071.7697,-1296.8829,128.8868,278.9760,46,46); 
	AddStaticVehicle(468,-1112.6062,-1671.9421,76.0362,359.7007,46,46); 
	AddStaticVehicle(532,-1058.2371,-1612.5803,77.3616,174.8907,0,0); 
	AddStaticVehicle(471,-1040.5020,-1662.9651,77.5813,217.8248,74,91); 
	AddStaticVehicle(471,-925.3805,-1439.3502,125.5587,24.4562,74,83);  
	AddStaticVehicle(531,-85.5815,-1608.7993,2.7154,300.0013,36,2); 
	AddStaticVehicle(403,-47.9698,-1570.7786,3.2227,152.9310,37,1); 
	AddStaticVehicle(400,-93.0630,-1194.6671,2.3429,344.3191,123,1); 
	AddStaticVehicle(422,-81.0025,-1198.4222,2.2849,345.3639,97,25);