CreateObject(1829,-366.2999900,-1417.2000000,25.2000000,0.0000000,0.0000000,0.0000000,700.0); //object(man_safenew) (1)
CreateObject(1793,-368.0000000,-1422.9000000,28.6000000,0.0000000,0.0000000,0.0000000,700.0); //object(low_bed_2) (1)
CreateObject(3361,-363.3999900,-1426.6000000,26.5000000,0.0000000,0.0000000,270.0000000,700.0); //object(cxref_woodstair) (1)
CreateObject(1800,-263.3999900,-2186.1001000,27.8000000,0.0000000,0.0000000,26.0000000,700.0); //object(low_bed_1) (1)
CreateObject(1829,-285.5000000,-2149.5000000,28.0000000,0.0000000,0.0000000,26.0000000,700.0); //object(man_safenew) (2)
CreateObject(2669,-1563.7000000,-2717.7000000,48.8000000,0.0000000,0.0000000,216.0000000,700.0); //object(cj_chris_crate) (1)
CreateObject(1800,-1562.9000000,-2718.8999000,47.4000000,0.0000000,0.0000000,36.0000000,700.0); //object(low_bed_1) (2)
CreateObject(1798,-1445.4000000,-1578.7000000,104.1000000,0.0000000,0.0000000,0.0000000,700.0); //object(swank_bed_1) (1)
CreateObject(1829,-1417.5000000,-1484.1000000,101.1000000,0.0000000,0.0000000,270.2500000,700.0); //object(man_safenew) (3)
CreateObject(1829,-1125.5000000,-1139.9000000,128.7000000,0.0000000,0.0000000,232.0000000,700.0); //object(man_safenew) (4)
CreateObject(1800,-1032.9000000,-1184.7000000,128.0000000,0.0000000,0.0000000,0.0000000,700.0); //object(low_bed_1) (3)
CreateObject(1829,-1120.1000000,-1621.6000000,75.8000000,0.0000000,0.0000000,90.0000000,700.0); //object(man_safenew) (5)
CreateObject(1793,-1111.7000000,-1639.7000000,75.4000000,0.0000000,0.0000000,0.0000000,700.0); //object(low_bed_2) (2)