CreateObject(16663,2431.3000000,-1591.1000000,28.6000000,0.0000000,0.0000000,0.0000000,700.0); //object(a51_jetpstuff) (1)
CreateObject(3331,205.2998000,1426.5996000,37.6000000,90.0000000,0.0000000,0.0000000,700.0); //object(cxrf_whitebrig)(1)
CreateObject(2960,285.0000000,1413.9004000,9.8000000,0.0000000,59.9960000,44.9950000,700.0); //object(kmb_beam)(1)
CreateObject(2960,284.0000000,1413.0999800,9.8000000,0.0000000,59.9960000,165.0000000,700.0); //object(kmb_beam)(2)
CreateObject(2960,284.6000100,1412.8000500,9.7000000,0.0000000,59.9910000,232.0000000,700.0); //object(kmb_beam)(3)
CreateObject(2960,285.5000000,1409.5999800,9.8000000,0.0000000,59.9910000,164.9980000,700.0); //object(kmb_beam)(4)
CreateObject(2960,286.7999900,1408.9000200,9.5000000,0.0000000,59.9850000,231.9980000,700.0); //object(kmb_beam)(5)
CreateObject(2960,287.1000100,1410.5000000,9.8000000,0.0000000,59.9960000,44.9950000,700.0); //object(kmb_beam)(6)
CreateObject(2960,286.3999900,1410.3000500,9.6000000,0.0000000,59.9960000,122.9950000,700.0); //object(kmb_beam)(7)
CreateObject(3331,205.2998000,1468.5000000,-7.9000000,305.4970000,0.0000000,0.0000000,700.0); //object(cxrf_whitebrig)(4)
CreateObject(3331,174.9003900,1422.0000000,-7.9000000,305.4970000,0.0000000,90.0000000,700.0); //object(cxrf_whitebrig)(6)
CreateObject(3331,221.9003900,1391.5000000,-7.9000000,305.4970000,0.0000000,179.9950000,700.0); //object(cxrf_whitebrig)(7)
CreateObject(3331,251.7998000,1437.5996000,-7.9000000,305.4970000,0.0000000,270.0000000,700.0); //object(cxrf_whitebrig)(8)
CreateObject(3331,174.8999900,1422.0000000,19.3000000,305.4970000,0.0000000,90.0000000,700.0); //object(cxrf_whitebrig)(9)
CreateObject(3331,205.2000000,1468.5000000,18.3000000,305.4970000,0.0000000,0.0000000,700.0); //object(cxrf_whitebrig)(10)
CreateObject(3331,221.9003900,1391.5000000,19.5000000,305.4970000,0.0000000,179.9950000,700.0); //object(cxrf_whitebrig)(11)
CreateObject(3331,251.7998000,1437.5996000,19.5000000,305.4970000,0.0000000,270.0000000,700.0); //object(cxrf_whitebrig)(12)
CreateObject(3331,205.4003900,1432.5000000,106.9000000,270.0000000,0.0000000,0.0000000,700.0); //object(cxrf_whitebrig)(13)
CreateObject(2960,219.1000100,1437.8000500,44.8000000,0.0000000,0.0000000,0.0000000,700.0); //object(kmb_beam)(8)
CreateObject(2960,214.5000000,1437.7998000,44.8000000,0.0000000,0.0000000,0.0000000,700.0); //object(kmb_beam)(9)
CreateObject(2960,209.8999900,1437.8000500,44.8000000,0.0000000,0.0000000,0.0000000,700.0); //object(kmb_beam)(10)
CreateObject(2960,205.2999900,1437.8000500,44.8000000,0.0000000,0.0000000,0.0000000,700.0); //object(kmb_beam)(11)
CreateObject(2960,200.6999800,1437.8000500,44.8000000,0.0000000,0.0000000,0.0000000,700.0); //object(kmb_beam)(12)
CreateObject(2960,219.8999900,1437.3000500,45.0000000,0.0000000,0.0000000,90.0000000,700.0); //object(kmb_beam)(13)
CreateObject(2960,209.8999900,1437.8000500,44.8000000,0.0000000,0.0000000,0.0000000,700.0); //object(kmb_beam)(14)
CreateObject(2960,205.2999900,1437.8000500,44.8000000,0.0000000,0.0000000,0.0000000,700.0); //object(kmb_beam)(15)
CreateObject(2960,200.6999800,1437.8000500,44.8000000,0.0000000,0.0000000,0.0000000,700.0); //object(kmb_beam)(16)
CreateObject(2960,217.8999900,1437.3000500,45.0000000,0.0000000,0.0000000,90.0000000,700.0); //object(kmb_beam)(17)
CreateObject(2960,220.9003900,1441.0996000,44.8000000,0.0000000,0.0000000,295.9990000,700.0); //object(kmb_beam)(19)
CreateObject(2960,221.1000100,1446.0999800,44.8000000,0.0000000,0.0000000,295.9990000,700.0); //object(kmb_beam)(20)
CreateObject(2960,220.7000000,1436.0000000,44.8000000,0.0000000,0.0000000,295.9990000,700.0); //object(kmb_beam)(21)
CreateObject(2960,207.2000000,1437.0000000,40.3000000,0.0000000,0.0000000,0.0000000,700.0); //object(kmb_beam)(24)
CreateObject(2960,220.2000000,1436.9000200,26.3000000,0.0000000,0.0000000,0.0000000,700.0); //object(kmb_beam)(26)
CreateObject(2960,220.8000000,1451.8000500,44.8000000,0.0000000,0.0000000,295.9990000,700.0); //object(kmb_beam)(27)
CreateObject(13011,222.9003900,1432.2002000,48.9000000,0.0000000,0.0000000,0.0000000,700.0); //object(cos_sbanksteps04)(1)
CreateObject(3280,222.5000000,1430.5996000,45.2000000,0.0000000,0.0000000,0.0000000,700.0); //object(a51_panel)(23)
CreateObject(3280,222.5000000,1429.0000000,45.2000000,0.0000000,0.0000000,0.0000000,700.0); //object(a51_panel)(25)
CreateObject(16335,155.5000000,1466.0996000,9.1000000,0.0000000,0.0000000,329.9910000,700.0); //object(des_transtower)(1)
CreateObject(3350,221.8999900,1422.0000000,146.6000100,0.0000000,0.0000000,0.0000000,700.0); //object(torino_mic)(1)
CreateObject(3350,221.8999900,1422.0000000,145.6000100,0.0000000,0.0000000,0.0000000,700.0); //object(torino_mic)(2)
CreateObject(3280,221.2998000,1431.8994100,140.2000000,0.0000000,0.0000000,0.0000000,700.0); //object(a51_panel)(29)
CreateObject(3280,221.3000000,1430.3000500,140.2000000,0.0000000,0.0000000,0.0000000,700.0); //object(a51_panel)(30)
CreateObject(3280,221.3000000,1428.7000700,140.2000000,0.0000000,0.0000000,0.0000000,700.0); //object(a51_panel)(31)
CreateObject(3280,221.3000000,1427.1001000,140.2000000,0.0000000,0.0000000,0.0000000,700.0); //object(a51_panel)(32)
CreateObject(3280,221.3000000,1425.5001200,140.2000000,0.0000000,0.0000000,0.0000000,700.0); //object(a51_panel)(33)
CreateObject(3280,221.2998000,1423.8994100,140.2000000,0.0000000,0.0000000,0.0000000,700.0); //object(a51_panel)(34)
CreateObject(3280,221.2998000,1422.2998000,140.2000000,0.0000000,0.0000000,0.0000000,700.0); //object(a51_panel)(35)
CreateObject(3280,221.5000000,1422.4000200,145.5000000,0.0000000,0.0000000,0.0000000,700.0); //object(a51_panel)(39)
CreateObject(3280,219.8999900,1422.4000200,145.5000000,0.0000000,0.0000000,0.0000000,700.0); //object(a51_panel)(40)
CreateObject(3280,218.2999900,1422.4000200,145.5000000,0.0000000,0.0000000,0.0000000,700.0); //object(a51_panel)(42)
CreateObject(3280,216.6999800,1422.4000200,145.5000000,0.0000000,0.0000000,0.0000000,700.0); //object(a51_panel)(43)
CreateObject(3280,215.0999800,1422.4000200,145.5000000,0.0000000,0.0000000,0.0000000,700.0); //object(a51_panel)(44)
CreateObject(3280,213.4999700,1422.4000200,145.5000000,0.0000000,0.0000000,0.0000000,700.0); //object(a51_panel)(45)
CreateObject(3280,211.8999600,1422.4000200,145.5000000,0.0000000,0.0000000,0.0000000,700.0); //object(a51_panel)(46)
CreateObject(3280,210.2999600,1422.4000200,145.5000000,0.0000000,0.0000000,0.0000000,700.0); //object(a51_panel)(47)
CreateObject(3280,208.6999500,1422.4000200,145.5000000,0.0000000,0.0000000,0.0000000,700.0); //object(a51_panel)(48)
CreateObject(3280,207.0999500,1422.4000200,145.5000000,0.0000000,0.0000000,0.0000000,700.0); //object(a51_panel)(49)
CreateObject(3280,205.4999400,1422.4000200,145.5000000,0.0000000,0.0000000,0.0000000,700.0); //object(a51_panel)(50)
CreateObject(3350,205.2000000,1422.3000500,145.7000000,0.0000000,0.0000000,0.0000000,700.0); //object(torino_mic)(6)
CreateObject(3350,205.2000000,1423.5000000,145.7000000,0.0000000,0.0000000,269.7500000,700.0); //object(torino_mic)(7)
CreateObject(3350,205.2000000,1423.5000000,145.0000000,0.0000000,0.0000000,269.7470000,700.0); //object(torino_mic)(8)
CreateObject(16644,212.6000100,1415.6999500,38.3000000,0.0000000,0.0000000,0.0000000,700.0); //object(a51_ventsouth)(3)
CreateObject(3280,224.1000100,1430.5999800,45.2000000,0.0000000,0.0000000,0.0000000,700.0); //object(a51_panel)(99)
CreateObject(3280,224.1000100,1432.1999500,45.2000000,0.0000000,0.0000000,0.0000000,700.0); //object(a51_panel)(100)
CreateObject(3280,224.0996100,1433.7998000,45.2000000,0.0000000,0.0000000,0.0000000,700.0); //object(a51_panel)(101)
CreateObject(3280,224.1000100,1435.4000200,45.2000000,0.0000000,0.0000000,0.0000000,700.0); //object(a51_panel)(102)
CreateObject(3280,225.7000000,1433.8000500,45.2000000,0.0000000,0.0000000,0.0000000,700.0); //object(a51_panel)(103)
CreateObject(2960,223.6000100,1433.8000500,44.8000000,0.0000000,0.0000000,0.0000000,700.0); //object(kmb_beam)(28)
CreateObject(2960,223.5000000,1430.8000500,44.8000000,0.0000000,0.0000000,0.0000000,700.0); //object(kmb_beam)(29)
CreateObject(2960,223.3999900,1428.0999800,44.8000000,0.0000000,0.0000000,0.0000000,700.0); //object(kmb_beam)(30)
CreateObject(2960,231.1000100,1436.3000500,45.0000000,0.0000000,0.0000000,90.0000000,700.0); //object(kmb_beam)(31)
CreateObject(2960,228.1000100,1436.3000500,45.0000000,0.0000000,0.0000000,90.0000000,700.0); //object(kmb_beam)(32)
CreateObject(2960,225.1000100,1436.3000500,45.0000000,0.0000000,0.0000000,90.0000000,700.0); //object(kmb_beam)(33)
CreateObject(1222,154.7000000,1450.9000200,9.7000000,0.0000000,0.0000000,0.0000000,700.0); //object(barrel3)(2)
CreateObject(1222,162.2000000,1463.6999500,9.7000000,0.0000000,0.0000000,0.0000000,700.0); //object(barrel3)(3)
CreateObject(1222,178.8999900,1467.6999500,9.6000000,0.0000000,0.0000000,0.0000000,700.0); //object(barrel3)(4)
CreateObject(1222,170.8999900,1451.1999500,9.7000000,0.0000000,0.0000000,0.0000000,700.0); //object(barrel3)(5)
CreateObject(1222,176.3000000,1447.4000200,9.7000000,0.0000000,0.0000000,0.0000000,700.0); //object(barrel3)(6)
CreateObject(2960,286.5000000,1401.5999800,9.5000000,0.0000000,59.9850000,231.9980000,700.0); //object(kmb_beam)(34)
CreateObject(2960,285.8999900,1402.6999500,9.6000000,0.0000000,59.9910000,122.9920000,700.0); //object(kmb_beam)(35)
CreateObject(2960,285.2000100,1401.8000500,9.8000000,0.0000000,59.9910000,164.9980000,700.0); //object(kmb_beam)(38)
CreateObject(2960,286.8999900,1403.0000000,9.8000000,0.0000000,59.9960000,44.9950000,700.0); //object(kmb_beam)(39)
CreateObject(2985,281.2000100,1417.0999800,9.4000000,0.0000000,0.0000000,358.2500000,700.0); //object(minigun_base)(1)
CreateObject(2985,226.3000000,1567.4000200,27.4000000,0.0000000,0.0000000,80.2480000,700.0); //object(minigun_base)(2)
CreateObject(2060,282.1000100,1415.5999800,9.6000000,0.0000000,0.0000000,90.0000000,700.0); //object(cj_sandbag)(1)
CreateObject(3280,221.2000000,1429.9000200,126.3000000,0.0000000,0.0000000,0.0000000,700.0); //object(a51_panel)(104)
CreateObject(3280,221.2000000,1428.3000500,126.3000000,0.0000000,0.0000000,0.0000000,700.0); //object(a51_panel)(105)
CreateObject(3280,221.2000000,1426.6999500,126.3000000,0.0000000,0.0000000,0.0000000,700.0); //object(a51_panel)(106)
CreateObject(3280,221.2000000,1425.0999800,126.3000000,0.0000000,0.0000000,0.0000000,700.0); //object(a51_panel)(107)
CreateObject(3280,221.2000000,1423.5000000,126.3000000,0.0000000,0.0000000,0.0000000,700.0); //object(a51_panel)(108)
CreateObject(3280,219.6000100,1423.5000000,126.3000000,0.0000000,0.0000000,0.0000000,700.0); //object(a51_panel)(109)
CreateObject(3280,218.0000000,1423.5000000,126.3000000,0.0000000,0.0000000,0.0000000,700.0); //object(a51_panel)(110)
CreateObject(3280,216.4003900,1423.5000000,126.3000000,0.0000000,0.0000000,0.0000000,700.0); //object(a51_panel)(111)
CreateObject(2960,214.0000000,1420.0000000,126.2000000,0.0000000,0.0000000,90.0000000,700.0); //object(kmb_beam)(40)
CreateObject(2960,214.0000000,1415.4000000,126.2000000,0.0000000,0.0000000,90.0000000,700.0); //object(kmb_beam)(41)
CreateObject(16663,214.0996100,1409.2998000,42.7000000,0.0000000,0.0000000,223.4950000,700.0); //object(a51_jetpstuff)(1)
CreateObject(16644,212.6000100,1413.0999800,38.3000000,0.0000000,0.0000000,0.0000000,700.0); //object(a51_ventsouth)(7)
CreateObject(16644,212.6000100,1410.5999800,38.3000000,0.0000000,0.0000000,0.0000000,700.0); //object(a51_ventsouth)(8)
CreateObject(16644,212.6000100,1408.0000000,38.3000000,0.0000000,0.0000000,0.0000000,700.0); //object(a51_ventsouth)(9)
CreateObject(16644,212.5996100,1418.2998000,38.3000000,0.0000000,0.0000000,0.0000000,700.0); //object(a51_ventsouth)(13)
CreateObject(16644,212.5996100,1420.9004000,38.3000000,0.0000000,0.0000000,0.0000000,700.0); //object(a51_ventsouth)(14)
CreateObject(3350,216.3999900,1422.2000000,126.0000000,0.0000000,0.0000000,359.7370000,700.0); //object(torino_mic)(14)
CreateObject(2060,282.1000100,1416.6999500,9.6000000,0.0000000,0.0000000,90.0000000,700.0); //object(cj_sandbag)(2)
CreateObject(2060,282.1000100,1417.8000500,9.6000000,0.0000000,0.0000000,90.0000000,700.0); //object(cj_sandbag)(3)
CreateObject(2060,282.1000100,1417.0999800,9.8000000,0.0000000,0.0000000,90.0000000,700.0); //object(cj_sandbag)(4)
CreateObject(2060,282.1000100,1415.9000200,9.8000000,0.0000000,0.0000000,90.0000000,700.0); //object(cj_sandbag)(5)
CreateObject(2060,282.0000000,1417.5000000,10.0000000,0.0000000,0.0000000,90.0000000,700.0); //object(cj_sandbag)(7)
CreateObject(2060,282.1000100,1418.0999800,9.8000000,0.0000000,0.0000000,90.0000000,700.0); //object(cj_sandbag)(8)
CreateObject(2060,282.1000100,1418.9000200,9.6000000,0.0000000,0.0000000,90.0000000,700.0); //object(cj_sandbag)(9)
CreateObject(2985,232.3999900,1566.1999500,26.7000000,0.0000000,0.0000000,80.2440000,700.0); //object(minigun_base)(4)
CreateObject(3331,221.8999900,1386.3000500,11.8000000,305.4970000,0.0000000,179.9950000,700.0); //object(cxrf_whitebrig)(16)
CreateObject(1442,138.0000000,1473.0000000,10.3000000,0.0000000,0.0000000,0.0000000,700.0); //object(dyn_firebin0)(1)
CreateObject(3525,137.8999900,1473.0999800,10.0000000,0.0000000,0.0000000,0.0000000,700.0); //object(exbrtorch01)(1)
CreateObject(1222,178.1000100,1470.4000200,9.6000000,0.0000000,0.0000000,0.0000000,700.0); //object(barrel3)(8)
CreateObject(3117,195.8000000,1458.5999800,11.4000000,0.0000000,0.0000000,41.2260000,700.0); //object(a51_ventcoverb)(15)
CreateObject(2173,194.3999900,1459.0999800,11.5000000,0.0000000,0.0000000,140.0000000,700.0); //object(med_office_desk_3)(1)
CreateObject(2804,193.8999900,1459.5999800,12.4000000,0.0000000,0.0000000,0.0000000,700.0); //object(cj_meat_1)(1)
CreateObject(1985,179.2000000,1458.5000000,14.9000000,0.0000000,0.0000000,0.0000000,700.0); //object(punchbagnu)(1)
CreateObject(1985,181.2000000,1459.3000500,14.3000000,0.0000000,0.0000000,0.0000000,700.0); //object(punchbagnu)(2)
CreateObject(1595,127.6992200,1460.2998000,14.7000000,0.0000000,0.0000000,0.0000000,700.0); //object(satdishbig)(2)
CreateObject(1412,215.7002000,1420.2002000,127.5000000,0.0000000,0.0000000,90.0000000,700.0); //object(dyn_mesh_2) (1)
CreateObject(1412,212.6000100,1414.7000000,127.5000000,0.0000000,0.0000000,90.0000000,700.0); //object(dyn_mesh_2) (2)
CreateObject(1412,215.7000000,1414.9000000,127.5000000,0.0000000,0.0000000,90.0000000,700.0); //object(dyn_mesh_2) (3)
CreateObject(1412,212.6000100,1420.0000000,127.5000000,0.0000000,0.0000000,90.0000000,700.0); //object(dyn_mesh_2) (4)
CreateObject(9958,214.0996100,1415.5000000,90.9000000,270.0000000,179.9950000,178.2480000,700.0); //object(submarr_sfe) (1)
CreateObject(3280,214.8000000,1423.5000000,126.3000000,0.0000000,0.0000000,0.0000000,700.0); //object(a51_panel) (1)
CreateObject(3280,214.8000000,1420.8000000,126.3000000,0.0000000,0.0000000,0.0000000,700.0); //object(a51_panel) (2)
CreateObject(3280,214.8000000,1419.2000000,126.3000000,0.0000000,0.0000000,0.0000000,700.0); //object(a51_panel) (3)
CreateObject(3280,214.8000000,1417.6000000,126.3000000,0.0000000,0.0000000,0.0000000,700.0); //object(a51_panel) (4)
CreateObject(3280,214.8000000,1416.0000000,126.3000000,0.0000000,0.0000000,0.0000000,700.0); //object(a51_panel) (5)
CreateObject(3280,214.8000000,1414.4000000,126.3000000,0.0000000,0.0000000,0.0000000,700.0); //object(a51_panel) (6)
CreateObject(3280,214.8000000,1412.8000000,126.3000000,0.0000000,0.0000000,0.0000000,700.0); //object(a51_panel) (7)
CreateObject(3280,213.2000000,1420.8000000,126.3000000,0.0000000,0.0000000,0.0000000,700.0); //object(a51_panel) (8)
CreateObject(3280,213.2000000,1419.2000000,126.3000000,0.0000000,0.0000000,0.0000000,700.0); //object(a51_panel) (9)
CreateObject(3280,213.2000000,1417.6000000,126.3000000,0.0000000,0.0000000,0.0000000,700.0); //object(a51_panel) (10)
CreateObject(3280,213.2000000,1416.0000000,126.3000000,0.0000000,0.0000000,0.0000000,700.0); //object(a51_panel) (11)
CreateObject(3280,213.2000000,1414.4000000,126.3000000,0.0000000,0.0000000,0.0000000,700.0); //object(a51_panel) (12)
CreateObject(3280,213.2000000,1412.8000000,126.3000000,0.0000000,0.0000000,0.0000000,700.0); //object(a51_panel) (13)
CreateObject(3280,213.2000000,1423.5000000,126.3000000,0.0000000,0.0000000,0.0000000,700.0); //object(a51_panel) (14)
CreateObject(3280,213.2000000,1425.1000000,126.3000000,0.0000000,0.0000000,0.0000000,700.0); //object(a51_panel) (15)
CreateObject(3280,214.7998000,1425.0996000,126.3000000,0.0000000,0.0000000,0.0000000,700.0); //object(a51_panel) (16)
CreateObject(2886,214.8000000,1412.6000000,128.0000000,350.0000000,0.0000000,160.5000000,700.0); //object(sec_keypad) (1)
CreateObject(2960,214.0000000,1423.5000000,126.2000000,0.0000000,0.0000000,90.0000000,700.0); //object(kmb_beam) (1)
CreateObject(1412,212.6000100,1423.4000000,127.5000000,0.0000000,0.0000000,90.0000000,700.0); //object(dyn_mesh_2) (6)
CreateObject(3852,282.2998000,1345.0000000,11.4000000,0.0000000,0.0000000,0.0000000,700.0); //object(sf_jump) (1)
CreateObject(3675,213.6000100,1409.8000000,144.8999900,0.0000000,0.0000000,0.0000000,700.0); //object(laxrf_refinerypipe) (1)
CreateObject(3675,213.7000000,1418.1000000,146.7000000,270.0000000,0.0000000,0.0000000,700.0); //object(laxrf_refinerypipe) (2)
CreateObject(3675,211.0000000,1420.8000000,143.7000000,90.0000000,0.0000000,90.0000000,700.0); //object(laxrf_refinerypipe) (3)
CreateObject(3675,204.0000000,1423.5000000,142.8999900,0.0000000,90.0000000,270.0000000,700.0); //object(laxrf_refinerypipe) (4)
CreateObject(3675,203.1000100,1431.1000000,140.2000000,0.0000000,0.0000000,180.0000000,700.0); //object(laxrf_refinerypipe) (5)
CreateObject(3675,203.0996100,1431.0996000,128.5000000,0.0000000,179.9950000,179.9950000,700.0); //object(laxrf_refinerypipe) (6)
CreateObject(3675,203.0000000,1429.6000000,123.2000000,0.0000000,0.0000000,0.0000000,700.0); //object(laxrf_refinerypipe) (7)
CreateObject(3675,203.0000000,1429.6000000,109.6000000,0.0000000,180.0000000,0.0000000,700.0); //object(laxrf_refinerypipe) (8)
CreateObject(3675,203.0000000,1431.1000000,104.2000000,0.0000000,0.0000000,179.9950000,700.0); //object(laxrf_refinerypipe) (9)
CreateObject(3675,203.0000000,1431.1000000,90.9000000,0.0000000,179.9950000,179.9950000,700.0); //object(laxrf_refinerypipe) (10)
CreateObject(3675,203.0000000,1429.6000000,85.5000000,0.0000000,0.0000000,0.0000000,700.0); //object(laxrf_refinerypipe) (11)
CreateObject(3675,203.0000000,1429.6000000,72.0000000,0.0000000,179.9950000,0.0000000,700.0); //object(laxrf_refinerypipe) (12)
CreateObject(3675,203.0000000,1431.1000000,66.6000000,0.0000000,0.0000000,179.9950000,700.0); //object(laxrf_refinerypipe) (13)
CreateObject(3675,203.0000000,1431.1000000,53.4000000,0.0000000,179.9950000,179.9950000,700.0); //object(laxrf_refinerypipe) (14)
CreateObject(3675,203.0000000,1429.6000000,48.0000000,0.0000000,0.0000000,0.0000000,700.0); //object(laxrf_refinerypipe) (15)
CreateObject(3675,203.0000000,1429.5996000,34.4000000,0.0000000,179.9950000,0.0000000,700.0); //object(laxrf_refinerypipe) (16)
CreateObject(3675,203.0000000,1431.0996000,29.0000000,0.0000000,0.0000000,179.9950000,700.0); //object(laxrf_refinerypipe) (17)
CreateObject(3675,200.3000000,1431.9000000,21.6000000,90.0000000,180.0000000,270.0000000,700.0); //object(laxrf_refinerypipe) (18)
CreateObject(17050,216.4003900,1409.4004000,40.0000000,0.0000000,0.0000000,0.0000000,700.0); //object(cw_silo02) (1)
CreateObject(17050,211.2000000,1409.3000000,40.0000000,0.0000000,0.0000000,216.7500000,700.0); //object(cw_silo02) (2)
CreateObject(16644,215.6000100,1427.6000000,122.8000000,0.0000000,90.0000000,0.0000000,700.0); //object(a51_ventsouth) (3)
CreateObject(16644,212.5000000,1427.6000000,122.8000000,0.0000000,90.0000000,0.0000000,700.0); //object(a51_ventsouth) (4)
CreateObject(16644,213.7000000,1428.5000000,122.8000000,0.0000000,90.0000000,90.0000000,700.0); //object(a51_ventsouth) (5)
CreateObject(16644,213.7000000,1428.5000000,105.7000000,0.0000000,90.0000000,90.0000000,700.0); //object(a51_ventsouth) (6)
CreateObject(16644,213.7002000,1428.5000000,88.5999900,0.0000000,90.0000000,90.0000000,700.0); //object(a51_ventsouth) (7)
CreateObject(16644,213.7000000,1428.5000000,71.4999800,0.0000000,90.0000000,90.0000000,700.0); //object(a51_ventsouth) (8)
CreateObject(16644,213.7000000,1428.5000000,54.3999800,0.0000000,90.0000000,90.0000000,700.0); //object(a51_ventsouth) (9)
CreateObject(16644,213.7002000,1428.5000000,37.2999700,0.0000000,90.0000000,90.0000000,700.0); //object(a51_ventsouth) (10)
CreateObject(16644,213.7000000,1428.5000000,19.9000000,0.0000000,90.0000000,90.0000000,700.0); //object(a51_ventsouth) (11)
CreateObject(16644,212.5000000,1427.6000000,105.5000000,0.0000000,90.0000000,0.0000000,700.0); //object(a51_ventsouth) (12)
CreateObject(16644,212.5000000,1427.6000000,88.2000000,0.0000000,90.0000000,0.0000000,700.0); //object(a51_ventsouth) (13)
CreateObject(16644,212.5000000,1427.6000000,70.8999900,0.0000000,90.0000000,0.0000000,700.0); //object(a51_ventsouth) (14)
CreateObject(16644,212.5000000,1427.6000000,53.5999900,0.0000000,90.0000000,0.0000000,700.0); //object(a51_ventsouth) (15)
CreateObject(16644,212.5000000,1427.6000000,36.2999900,0.0000000,90.0000000,0.0000000,700.0); //object(a51_ventsouth) (16)
CreateObject(16644,215.6000100,1427.6000000,105.5000000,0.0000000,90.0000000,0.0000000,700.0); //object(a51_ventsouth) (18)
CreateObject(16644,215.6000100,1427.6000000,88.2000000,0.0000000,90.0000000,0.0000000,700.0); //object(a51_ventsouth) (19)
CreateObject(16644,215.6000100,1427.6000000,70.8999900,0.0000000,90.0000000,0.0000000,700.0); //object(a51_ventsouth) (20)
CreateObject(16644,215.6000100,1427.6000000,53.5999900,0.0000000,90.0000000,0.0000000,700.0); //object(a51_ventsouth) (21)
CreateObject(16644,215.5996100,1427.5996000,36.2999900,0.0000000,90.0000000,0.0000000,700.0); //object(a51_ventsouth) (22)
CreateObject(16644,215.6000100,1427.6000000,18.9999800,0.0000000,90.0000000,0.0000000,700.0); //object(a51_ventsouth) (23)
CreateObject(16644,213.8000000,1425.8000000,118.7000000,0.0000000,90.0000000,90.0000000,700.0); //object(a51_ventsouth) (32)
CreateObject(16644,213.8000000,1425.8000000,101.5000000,0.0000000,90.0000000,90.0000000,700.0); //object(a51_ventsouth) (33)
CreateObject(16644,213.8000000,1425.8000000,84.3000000,0.0000000,90.0000000,90.0000000,700.0); //object(a51_ventsouth) (34)
CreateObject(16644,213.8000000,1425.8000000,67.1000100,0.0000000,90.0000000,90.0000000,700.0); //object(a51_ventsouth) (35)
CreateObject(16644,213.8000000,1425.8000000,49.9000100,0.0000000,90.0000000,90.0000000,700.0); //object(a51_ventsouth) (36)
CreateObject(16644,213.7998000,1425.7998000,32.7000100,0.0000000,90.0000000,90.0000000,700.0); //object(a51_ventsouth) (37)
CreateObject(16644,213.8000000,1425.8000000,15.5000200,0.0000000,90.0000000,90.0000000,700.0); //object(a51_ventsouth) (38)
CreateObject(16644,212.5000000,1427.6000000,23.0000000,0.0000000,90.0000000,0.0000000,700.0); //object(a51_ventsouth) (46)
CreateObject(3117,214.2000000,1426.6000000,130.3000000,0.0000000,0.0000000,0.0000000,700.0); //object(a51_ventcoverb) (4)
CreateObject(3117,214.2000000,1428.7000000,130.3000000,0.0000000,0.0000000,0.0000000,700.0); //object(a51_ventcoverb) (5)
CreateObject(1353,214.6000100,1427.6000000,131.1000100,0.0000000,0.0000000,0.0000000,700.0); //object(cj_aircon) (1)
CreateObject(3280,216.3999900,1425.1000000,126.3000000,0.0000000,0.0000000,0.0000000,700.0); //object(a51_panel) (17)
CreateObject(3280,218.0000000,1425.1000000,126.3000000,0.0000000,0.0000000,0.0000000,700.0); //object(a51_panel) (18)
CreateObject(3280,219.6000100,1425.1000000,126.3000000,0.0000000,0.0000000,0.0000000,700.0); //object(a51_panel) (19)
CreateObject(3265,335.5000000,1400.5000000,5.5000000,0.0000000,0.0000000,80.0000000,700.0); //object(privatesign4) (1)
CreateObject(3265,337.5000000,1417.5000000,5.5000000,0.0000000,0.0000000,93.9970000,700.0); //object(privatesign4) (2)
CreateObject(3265,288.1000100,1420.3000000,8.8000000,0.0000000,0.0000000,91.9940000,700.0); //object(privatesign4) (3)
CreateObject(3117,214.0000000,1427.2002000,126.0000000,0.0000000,0.0000000,0.0000000,700.0); //object(a51_ventcoverb) (6)
CreateObject(3117,214.0000000,1427.2000000,9.5000000,0.0000000,0.0000000,0.0000000,700.0); //object(a51_ventcoverb) (7)
CreateObject(10032,242.3000000,1352.3000000,9.6000000,0.0000000,0.0000000,0.0000000,700.0); //object(carspaces_sfe) (1)
CreateObject(1596,131.3000000,1366.0000000,16.9000000,0.0000000,0.0000000,0.0000000,700.0); //object(satdishsml) (1)
CreateObject(3134,130.7000000,1367.0000000,14.9000000,0.0000000,0.0000000,0.0000000,700.0); //object(quarry_barrel) (1)
CreateObject(3865,131.8000000,1368.1000000,12.8000000,0.0000000,0.0000000,0.0000000,700.0); //object(concpipe_sfxrf) (1)
CreateObject(1687,131.7000000,1365.8000000,12.1000000,0.0000000,0.0000000,87.2500000,700.0); //object(gen_roofbit1) (1)
CreateObject(1687,131.7000000,1365.8000000,13.6000000,0.0000000,0.0000000,87.2480000,700.0); //object(gen_roofbit1) (2)
CreateObject(1687,131.7000000,1370.7000000,12.1000000,0.0000000,0.0000000,87.2480000,700.0); //object(gen_roofbit1) (4)
CreateObject(1687,131.7000000,1370.7000000,13.5000000,0.0000000,0.0000000,87.2480000,700.0); //object(gen_roofbit1) (5)
CreateObject(16090,131.5000000,1364.9004000,2.9000000,0.0000000,0.0000000,88.7480000,700.0); //object(des_pipestrut03) (1)
CreateObject(16090,131.7000000,1370.8000000,2.9000000,0.0000000,0.0000000,88.7480000,700.0); //object(des_pipestrut03) (2)
CreateObject(1459,141.2000000,1372.4000000,10.2000000,0.0000000,0.0000000,308.0000000,700.0); //object(dyn_roadbarrier_6) (1)
CreateObject(1459,136.8000000,1376.0000000,10.2000000,0.0000000,0.0000000,339.9960000,700.0); //object(dyn_roadbarrier_6) (2)
CreateObject(1459,130.8999900,1376.5000000,10.2000000,0.0000000,0.0000000,7.9940000,700.0); //object(dyn_roadbarrier_6) (3)
CreateObject(1459,126.4000000,1375.5000000,10.2000000,0.0000000,0.0000000,23.9930000,700.0); //object(dyn_roadbarrier_6) (4)
CreateObject(1459,123.0000000,1371.8000000,10.2000000,0.0000000,0.0000000,61.9890000,700.0); //object(dyn_roadbarrier_6) (5)
CreateObject(1459,145.0000000,1368.1000000,10.2000000,0.0000000,0.0000000,285.9960000,700.0); //object(dyn_roadbarrier_6) (7)
CreateObject(1459,146.2002000,1362.4004000,10.2000000,0.0000000,0.0000000,269.9950000,700.0); //object(dyn_roadbarrier_6) (8)
CreateObject(1459,145.6000100,1356.8000000,10.2000000,0.0000000,0.0000000,247.9950000,700.0); //object(dyn_roadbarrier_6) (9)
CreateObject(1225,135.1000100,1367.5000000,9.6000000,0.0000000,0.0000000,278.0000000,700.0); //object(barrel4) (1)
CreateObject(1225,136.3999900,1369.0000000,9.6000000,0.0000000,0.0000000,295.9980000,700.0); //object(barrel4) (2)
CreateObject(1684,198.3999900,1444.7000000,11.3000000,0.0000000,0.0000000,0.0000000,700.0); //object(portakabin) (1)
CreateObject(3117,288.3999900,1399.1000000,12.3000000,0.0000000,90.0000000,0.0000000,700.0); //object(a51_ventcoverb) (8)
CreateObject(3117,288.3999900,1397.0000000,12.3000000,0.0000000,90.0000000,0.7500000,700.0); //object(a51_ventcoverb) (9)
CreateObject(3117,288.5000000,1394.9000000,12.3000000,0.0000000,90.0000000,0.7470000,700.0); //object(a51_ventcoverb) (11)
CreateObject(1697,134.0000000,1370.8000000,14.6000000,338.2550000,1.3460000,269.2490000,700.0); //object(roofstuff16) (1)
CreateObject(1697,129.5000000,1370.9000000,14.6000000,338.2530000,1.3400000,93.2470000,700.0); //object(roofstuff16) (2)
CreateObject(1426,131.3999900,1362.3000000,9.6000000,0.0000000,0.0000000,0.0000000,700.0); //object(dyn_scaffold) (1)
CreateObject(1426,134.8000000,1362.3000000,9.6000000,0.0000000,0.0000000,0.0000000,700.0); //object(dyn_scaffold) (2)
CreateObject(1426,128.0000000,1362.2000000,9.6000000,0.0000000,0.0000000,0.0000000,700.0); //object(dyn_scaffold) (3)
CreateObject(1426,131.3999900,1362.3000000,13.1000000,0.0000000,0.0000000,0.0000000,700.0); //object(dyn_scaffold) (4)
CreateObject(1426,131.7000000,1373.7000000,9.6000000,0.0000000,0.0000000,0.0000000,700.0); //object(dyn_scaffold) (5)
CreateObject(1426,131.7000000,1373.7000000,13.2000000,0.0000000,0.0000000,0.0000000,700.0); //object(dyn_scaffold) (6)
CreateObject(1426,128.3000000,1373.7000000,9.6000000,0.0000000,0.0000000,0.0000000,700.0); //object(dyn_scaffold) (7)
CreateObject(1426,135.1000100,1373.7000000,9.6000000,0.0000000,0.0000000,0.0000000,700.0); //object(dyn_scaffold) (9)
CreateObject(13011,225.1000100,1434.4000000,53.7000000,0.0000000,0.0000000,180.0000000,700.0); //object(cos_sbanksteps04) (1)
CreateObject(3117,224.0000000,1436.5000000,52.0000000,0.0000000,0.0000000,0.0000000,700.0); //object(a51_ventcoverb) (12)
CreateObject(3117,224.0000000,1430.0996000,56.8000000,0.0000000,0.0000000,0.0000000,700.0); //object(a51_ventcoverb) (13)
CreateObject(13011,222.9003900,1432.2002000,58.5000000,0.0000000,0.0000000,0.0000000,700.0); //object(cos_sbanksteps04) (2)
CreateObject(3117,224.0000000,1430.0996000,47.2000000,0.0000000,0.0000000,0.0000000,700.0); //object(a51_ventcoverb) (14)
CreateObject(3117,224.0000000,1436.5000000,61.6000000,0.0000000,0.0000000,0.0000000,700.0); //object(a51_ventcoverb) (15)
CreateObject(13011,225.1000100,1434.4000000,63.3000000,0.0000000,0.0000000,179.9950000,700.0); //object(cos_sbanksteps04) (3)
CreateObject(13011,225.0996100,1434.4004000,63.3000000,0.0000000,0.0000000,179.9950000,700.0); //object(cos_sbanksteps04) (4)
CreateObject(3117,224.0000000,1430.1000000,66.3999900,0.0000000,0.0000000,0.0000000,700.0); //object(a51_ventcoverb) (16)
CreateObject(3117,224.0000000,1430.1000000,76.0000000,0.0000000,0.0000000,0.0000000,700.0); //object(a51_ventcoverb) (17)
CreateObject(3117,224.0000000,1430.1000000,85.5999900,0.0000000,0.0000000,0.0000000,700.0); //object(a51_ventcoverb) (18)
CreateObject(3117,224.0000000,1430.1000000,95.2000000,0.0000000,0.0000000,0.0000000,700.0); //object(a51_ventcoverb) (19)
CreateObject(3117,224.0000000,1430.1000000,104.7999900,0.0000000,0.0000000,0.0000000,700.0); //object(a51_ventcoverb) (20)
CreateObject(3117,224.0000000,1430.1000000,114.3999900,0.0000000,0.0000000,0.0000000,700.0); //object(a51_ventcoverb) (21)
CreateObject(3117,224.0000000,1430.1000000,123.9999800,0.0000000,0.0000000,0.0000000,700.0); //object(a51_ventcoverb) (22)
CreateObject(3117,224.0000000,1430.1000000,133.5999900,0.0000000,0.0000000,0.0000000,700.0); //object(a51_ventcoverb) (23)
CreateObject(13011,225.0996100,1434.4004000,44.1000000,0.0000000,0.0000000,180.0000000,700.0); //object(cos_sbanksteps04) (5)
CreateObject(13011,225.1000100,1434.4000000,34.5000000,0.0000000,0.0000000,180.0110000,700.0); //object(cos_sbanksteps04) (6)
CreateObject(13011,225.1000100,1434.4000000,24.9000100,0.0000000,0.0000000,180.0160000,700.0); //object(cos_sbanksteps04) (7)
CreateObject(13011,225.1000100,1434.4000000,15.3000100,0.0000000,0.0000000,180.0220000,700.0); //object(cos_sbanksteps04) (8)
CreateObject(13011,225.0992100,1434.4008000,72.8999900,0.0000000,0.0000000,179.9890000,700.0); //object(cos_sbanksteps04) (15)
CreateObject(13011,225.0988200,1434.4011000,82.5000000,0.0000000,0.0000000,179.9840000,700.0); //object(cos_sbanksteps04) (16)
CreateObject(13011,225.0984200,1434.4015000,92.0999900,0.0000000,0.0000000,179.9780000,700.0); //object(cos_sbanksteps04) (17)
CreateObject(13011,225.0980200,1434.4019000,101.7000000,0.0000000,0.0000000,179.9730000,700.0); //object(cos_sbanksteps04) (18)
CreateObject(13011,225.0976300,1434.4022000,111.2999900,0.0000000,0.0000000,179.9670000,700.0); //object(cos_sbanksteps04) (19)
CreateObject(13011,225.0972300,1434.4026000,120.8999900,0.0000000,0.0000000,179.9620000,700.0); //object(cos_sbanksteps04) (20)
CreateObject(13011,225.0968300,1434.4030000,130.4999800,0.0000000,0.0000000,179.9560000,700.0); //object(cos_sbanksteps04) (21)
CreateObject(3117,224.0000000,1436.5000000,71.2000000,0.0000000,0.0000000,0.0000000,700.0); //object(a51_ventcoverb) (26)
CreateObject(3117,224.0000000,1436.5000000,80.8000000,0.0000000,0.0000000,0.0000000,700.0); //object(a51_ventcoverb) (27)
CreateObject(3117,224.0000000,1436.5000000,90.3999900,0.0000000,0.0000000,0.0000000,700.0); //object(a51_ventcoverb) (28)
CreateObject(3117,224.0000000,1436.5000000,99.9999900,0.0000000,0.0000000,0.0000000,700.0); //object(a51_ventcoverb) (29)
CreateObject(3117,224.0000000,1436.5000000,109.5999900,0.0000000,0.0000000,0.0000000,700.0); //object(a51_ventcoverb) (30)
CreateObject(3117,224.0000000,1436.5000000,119.1999900,0.0000000,0.0000000,0.0000000,700.0); //object(a51_ventcoverb) (31)
CreateObject(3117,224.0000000,1436.5000000,128.7999900,0.0000000,0.0000000,0.0000000,700.0); //object(a51_ventcoverb) (32)
CreateObject(13011,222.8999900,1432.2000000,68.1000000,0.0000000,0.0000000,0.0000000,700.0); //object(cos_sbanksteps04) (25)
CreateObject(13011,222.8999900,1432.2000000,77.7000000,0.0000000,0.0000000,0.0000000,700.0); //object(cos_sbanksteps04) (26)
CreateObject(13011,222.8999900,1432.2000000,87.3000000,0.0000000,0.0000000,0.0000000,700.0); //object(cos_sbanksteps04) (27)
CreateObject(13011,222.8999900,1432.2000000,96.8999900,0.0000000,0.0000000,0.0000000,700.0); //object(cos_sbanksteps04) (28)
CreateObject(13011,222.8999900,1432.2000000,106.4999900,0.0000000,0.0000000,0.0000000,700.0); //object(cos_sbanksteps04) (29)
CreateObject(13011,222.8999900,1432.2000000,116.0999900,0.0000000,0.0000000,0.0000000,700.0); //object(cos_sbanksteps04) (30)
CreateObject(13011,222.8999900,1432.2000000,125.6999900,0.0000000,0.0000000,0.0000000,700.0); //object(cos_sbanksteps04) (31)
CreateObject(13011,223.0000000,1432.1000000,135.3000000,0.0000000,0.0000000,0.0000000,700.0); //object(cos_sbanksteps04) (32)
CreateObject(1800,589.7999900,872.2999900,-43.6000000,0.0000000,0.0000000,0.0000000,700.0); //object(low_bed_1) (1)
CreateObject(1800,-349.7999900,1588.9000000,101.9000000,0.0000000,0.0000000,264.0000000,700.0); //object(low_bed_1) (2)
CreateObject(16303,385.7999900,968.0000000,19.6000000,356.1550000,343.9630000,116.8960000,700.0); //object(des_quarryramp01) (1)
CreateObject(16303,376.7000100,966.0000000,19.6000000,356.1550000,343.9600000,116.8950000,700.0); //object(des_quarryramp01) (2)
CreateObject(16303,368.0000000,964.0999800,19.6000000,356.1550000,343.9600000,116.8950000,700.0); //object(des_quarryramp01) (3)
CreateObject(16303,358.8999900,962.2000100,19.6000000,356.1550000,343.9600000,116.8950000,700.0); //object(des_quarryramp01) (4)
CreateObject(11292,228.0000000,1436.1000000,46.5000000,0.0000000,0.0000000,0.0000000,700.0); //object(gasstatiohut) (1)
CreateObject(13011,222.9003900,1432.2002000,39.3000000,0.0000000,0.0000000,0.0000000,700.0); //object(cos_sbanksteps04) (11)
CreateObject(13011,222.9003900,1432.2002000,29.7000100,0.0000000,0.0000000,0.0000000,700.0); //object(cos_sbanksteps04) (12)
CreateObject(13011,222.9003900,1432.2002000,20.1000100,0.0000000,0.0000000,0.0000000,700.0); //object(cos_sbanksteps04) (13)
CreateObject(13011,222.9003900,1432.2002000,10.5000100,0.0000000,0.0000000,0.0000000,700.0); //object(cos_sbanksteps04) (14)
CreateObject(3117,224.0000000,1430.0996000,37.6000000,0.0000000,0.0000000,0.0000000,700.0); //object(a51_ventcoverb) (2)
CreateObject(3117,224.0000000,1430.0996000,28.0000000,0.0000000,0.0000000,0.0000000,700.0); //object(a51_ventcoverb) (3)
CreateObject(3117,224.0000000,1430.0996000,18.4000100,0.0000000,0.0000000,0.0000000,700.0); //object(a51_ventcoverb) (10)
CreateObject(3117,224.0000000,1430.0996000,8.8000100,0.0000000,0.0000000,0.0000000,700.0); //object(a51_ventcoverb) (24)
CreateObject(3117,224.0000000,1436.5000000,42.4000000,0.0000000,0.0000000,0.0000000,700.0); //object(a51_ventcoverb) (33)
CreateObject(3117,224.0000000,1436.5000000,32.8000000,0.0000000,0.0000000,0.0000000,700.0); //object(a51_ventcoverb) (34)
CreateObject(3117,224.0000000,1436.5000000,23.2000100,0.0000000,0.0000000,0.0000000,700.0); //object(a51_ventcoverb) (35)
CreateObject(3117,224.0000000,1436.5000000,13.6000100,0.0000000,0.0000000,0.0000000,700.0); //object(a51_ventcoverb) (36)
CreateObject(1800,213.8999900,1415.8000000,126.3000000,0.0000000,0.0000000,357.2500000,700.0); //object(low_bed_1) (3)
CreateObject(13011,-342.8999900,1584.6000000,76.6000000,0.0000000,0.0000000,90.0000000,700.0); //object(cos_sbanksteps04) (36)
CreateObject(13011,-345.7000100,1585.7000000,81.0000000,0.0000000,0.0000000,270.0000000,700.0); //object(cos_sbanksteps04) (37)
CreateObject(13011,-342.8999900,1584.6000000,85.7000000,0.0000000,0.0000000,90.0000000,700.0); //object(cos_sbanksteps04) (38)
CreateObject(13011,-345.7000100,1585.7000000,90.0000000,0.0000000,0.0000000,270.0000000,700.0); //object(cos_sbanksteps04) (39)
CreateObject(13011,-342.8999900,1584.6000000,95.0000000,0.0000000,0.0000000,90.0000000,700.0); //object(cos_sbanksteps04) (40)
CreateObject(13011,-345.0000000,1585.8000000,99.8000000,0.0000000,0.0000000,270.0000000,700.0); //object(cos_sbanksteps04) (41)
CreateObject(3280,-341.3999900,1584.7000000,93.2000000,0.0000000,0.0000000,0.0000000,700.0); //object(a51_panel) (20)
CreateObject(3280,-341.3999900,1584.7000000,84.2000000,0.0000000,0.0000000,0.0000000,700.0); //object(a51_panel) (21)
CreateObject(3280,-347.5000000,1585.8000000,98.2000000,0.0000000,0.0000000,0.0000000,700.0); //object(a51_panel) (22)
CreateObject(3280,-347.2999900,1585.7000000,88.8000000,0.0000000,0.0000000,0.0000000,700.0); //object(a51_panel) (23)
CreateObject(3280,-345.8999900,1585.8000000,98.2000000,0.0000000,0.0000000,0.0000000,700.0); //object(a51_panel) (26)
CreateObject(3280,-340.5000000,1584.5000000,103.0000000,0.0000000,0.0000000,0.0000000,700.0); //object(a51_panel) (27)
CreateObject(3280,-342.1000100,1584.5000000,103.0000000,0.0000000,0.0000000,0.0000000,700.0); //object(a51_panel) (28)
CreateObject(3280,-343.7000100,1584.5000000,103.0000000,0.0000000,0.0000000,0.0000000,700.0); //object(a51_panel) (29)
CreateObject(3280,-345.2999900,1584.5000000,103.0000000,0.0000000,0.0000000,0.0000000,700.0); //object(a51_panel) (30)
CreateObject(3280,-346.8999900,1584.5000000,103.0000000,0.0000000,0.0000000,0.0000000,700.0); //object(a51_panel) (31)
CreateObject(3280,-346.8999900,1586.1000000,103.0000000,0.0000000,0.0000000,0.0000000,700.0); //object(a51_panel) (32)
CreateObject(13011,-345.7000100,1590.6000000,99.8000000,0.0000000,0.0000000,180.0000000,700.0); //object(cos_sbanksteps04) (42)
CreateObject(1829,330.8999900,838.4000200,19.6000000,0.0000000,0.0000000,90.0000000,700.0); //object(man_safenew) (1)
CreateObject(1829,-340.0000000,1539.5996000,75.0000000,0.0000000,0.0000000,270.0000000,700.0); //object(man_safenew) (2)
CreateObject(1829,231.7002000,1436.4004000,45.8000000,0.0000000,0.0000000,270.0000000,700.0); //object(man_safenew) (3)
CreateObject(11292,334.5000000,838.7000100,20.3000000,0.0000000,0.0000000,180.0000000,700.0); //object(gasstatiohut) (2)

/*
Objects converted: 322
Vehicles converted: 0
Vehicle models found: 0
----------------------
In the time this conversion took to finish light could have travelled around the world 0.78 times!
*/
